Time	numfailedlinks
800	0
805	0
810	0
815	0
820	0
825	0
830	0
835	0
840	0
845	0
850	0
855	0
860	0
865	0
870	0
875	0
880	0
885	0
890	0
895	0
900	0
905	0
910	0
915	0
920	0
925	0
930	0
935	0
940	0
945	0
950	0
955	0
960	0
965	0
970	0
975	0
980	0
985	0
990	0
995	0
1000	0
1005	0
1010	0
1015	0
1020	0
1025	0
1030	0
1035	0
1040	0
1045	0
1050	0
1055	0
1060	0
1065	0
1070	0
1075	0
1080	0
1085	0
1090	0
1095	0
1100	0
1105	0
1110	0
1115	0
1120	0
1125	0
1130	0
1135	0
1140	0
1145	0
1150	0
1155	0
1160	0
1165	0
1170	0
1175	0
1180	0
1185	0
1190	0
1195	0
1200	0
1205	0
1210	0
1215	0
1220	0
1225	0
1230	0
1235	0
1240	0
1245	0
1250	0
1255	0
1260	0
1265	0
1270	0
1275	0
1280	0
1285	0
1290	0
1295	0
1300	0
1305	0
1310	0
1315	0
1320	0
1325	0
1330	0
1335	0
1340	0
1345	0
1350	0
1355	0
1360	0
1365	0
1370	0
1375	0
1380	0
1385	0
1390	0
1395	0
1400	0
1405	0
1410	0
1415	0
1420	0
1425	0
1430	0
1435	0
1440	0
1445	0
1450	0
1455	0
1460	0
1465	0
1470	0
1475	0
1480	0
1485	1
1490	2
1495	1
1500	1
1505	1
1510	1
1515	1
1520	1
1525	1
1530	1
1535	1
1540	1
1545	1
1550	1
1555	1
1560	1
1565	1
1570	1
1575	1
1580	1
1585	1
1590	2
1595	2
1600	1
1605	2
1610	2
1615	2
1620	3
1625	3
1630	2
1635	2
1640	2
1645	2
1650	2
1655	2
1660	2
1665	2
1670	2
1675	2
1680	2
1685	2
1690	2
1695	2
1700	2
1705	1
1710	1
1715	1
1720	1
1725	1
1730	1
1735	2
1740	2
1745	3
1750	3
1755	3
1760	3
1765	4
1770	4
1775	3
1780	3
1785	3
1790	3
1795	3
1800	3
1805	2
1810	2
1815	2
1820	2
1825	2
1830	2
1835	2
1840	2
1845	2
1850	2
1855	2
1860	2
1865	2
1870	2
1875	2
1880	3
1885	3
1890	2
1895	2
1900	2
1905	2
1910	2
1915	2
1920	2
1925	3
1930	2
1935	2
1940	2
1945	2
1950	2
1955	1
1960	1
1965	0
1970	1
1975	0
1980	0
1985	0
1990	0
1995	0
2000	0
2005	0
2010	0
2015	0
2020	0
2025	0
2030	0
2035	0
2040	0
2045	0
2050	0
2055	0
2060	0
2065	0
2070	0
2075	0
2080	0
2085	0
2090	0
2095	0
2100	0
2105	0
2110	0
2115	0
2120	0
2125	0
2130	0
2135	0
2140	0
2145	0
2150	0
2155	0
2160	0
2165	0
2170	0
2175	0
2180	0
2185	0
2190	0
2195	0
2200	0
2205	0
2210	0
2215	0
2220	0
2225	0
2230	0
2235	0
2240	0
2245	0
2250	0
2255	0
2260	0
2265	0
2270	0
2275	0
2280	0
2285	0
2290	0
2295	0
2300	0
2305	0
2310	0
2315	0
2320	0
2325	0
2330	0
2335	0
2340	0
2345	0
2350	0
2355	0
2360	0
2365	1
2370	1
2375	0
2380	0
2385	0
2390	0
2395	0
2400	0
2405	0
2410	0
2415	0
2420	0
2425	0
2430	0
2435	0
2440	0
2445	0
2450	0
2455	0
2460	0
2465	0
2470	0
2475	0
2480	0
2485	0
2490	0
2495	0
2500	0
2505	0
2510	0
2515	0
2520	0
2525	0
2530	0
2535	0
2540	0
2545	0
2550	0
2555	0
2560	0
2565	0
2570	0
2575	0
2580	0
2585	0
2590	0
2595	0
2600	0
2605	0
2610	1
2615	2
2620	1
2625	0
2630	0
2635	0
2640	2
2645	2
2650	0
2655	0
2660	0
2665	0
2670	0
2675	0
2680	0
2685	0
2690	0
2695	0
2700	0
2705	0
2710	0
2715	0
2720	0
2725	0
2730	0
2735	0
2740	0
2745	0
2750	0
2755	0
2760	0
2765	0
2770	0
2775	0
2780	0
2785	0
2790	0
2795	0
2800	0
2805	0
2810	1
2815	0
2820	0
2825	0
2830	1
2835	1
2840	0
2845	0
2850	0
2855	1
2860	1
2865	0
2870	0
2875	0
2880	0
2885	0
2890	0
2895	0
2900	0
2905	0
2910	0
2915	0
2920	0
2925	0
2930	0
2935	0
2940	0
2945	0
2950	0
2955	0
2960	0
2965	0
2970	0
2975	0
2980	0
2985	0
2990	0
2995	0
3000	0
3005	0
3010	0
3015	0
3020	1
3025	1
3030	0
3035	0
3040	0
3045	0
3050	0
3055	0
3060	1
3065	0
3070	0
3075	0
3080	0
3085	0
3090	0
3095	0
3100	1
3105	1
3110	0
3115	0
3120	0
3125	0
3130	0
3135	0
3140	0
3145	0
3150	0
3155	0
3160	0
3165	0
3170	0
3175	0
3180	0
3185	0
3190	0
3195	0
3200	0
3205	0
3210	0
3215	0
3220	0
3225	0
3230	0
3235	0
3240	0
3245	0
3250	0
3255	0
3260	0
3265	0
3270	0
3275	0
3280	0
3285	0
3290	0
3295	0
3300	0
3305	0
3310	0
3315	0
3320	0
3325	0
3330	0
3335	0
3340	1
3345	1
3350	0
3355	0
3360	0
3365	0
3370	0
3375	0
3380	0
3385	0
3390	0
3395	0
3400	0
3405	0
3410	0
3415	0
3420	0
3425	0
3430	0
3435	0
3440	0
3445	0
3450	0
3455	0
3460	0
3465	0
3470	0
3475	0
3480	0
3485	0
3490	0
3495	0
3500	1
3505	0
3510	0
3515	0
3520	0
3525	0
3530	0
3535	0
3540	0
3545	0
3550	0
3555	0
3560	0
3565	0
3570	0
3575	0
3580	0
3585	0
3590	0
3595	0
3600	0
3605	0
3610	0
3615	0
3620	0
3625	0
3630	0
3635	0
3640	0
3645	0
3650	0
3655	0
3660	0
3665	0
3670	0
3675	0
3680	0
3685	0
3690	0
3695	0
3700	0
3705	0
3710	0
3715	0
3720	0
3725	0
3730	0
3735	0
3740	1
3745	1
3750	0
3755	0
3760	0
3765	0
3770	0
3775	0
3780	0
3785	0
3790	0
3795	0
3800	1
3805	1
3810	0
3815	0
3820	0
3825	0
3830	0
3835	0
3840	0
3845	0
3850	1
3855	0
3860	0
3865	0
3870	0
3875	0
3880	0
3885	0
3890	0
3895	0
3900	0
3905	0
3910	0
3915	0
3920	0
3925	0
3930	0
3935	0
3940	0
3945	0
3950	0
3955	0
3960	0
3965	0
3970	0
3975	0
3980	0
3985	0
3990	0
3995	0
4000	0
4005	0
4010	0
4015	0
4020	0
4025	0
4030	0
4035	1
4040	1
4045	1
4050	1
4055	1
4060	1
4065	1
4070	1
4075	1
4080	2
4085	2
4090	2
4095	2
4100	2
4105	2
4110	2
4115	2
4120	2
4125	2
4130	2
4135	3
4140	3
4145	2
4150	2
4155	2
4160	2
4165	2
4170	2
4175	2
4180	2
4185	2
4190	2
4195	2
4200	2
4205	2
4210	2
4215	2
4220	2
4225	2
4230	2
4235	2
4240	2
4245	2
4250	2
4255	2
4260	2
4265	2
4270	2
4275	2
4280	2
4285	2
4290	2
4295	2
4300	2
4305	2
4310	2
4315	2
4320	2
4325	2
4330	2
4335	2
4340	1
4345	1
4350	1
4355	1
4360	1
4365	2
4370	1
4375	0
4380	0
4385	0
4390	0
4395	0
4400	0
4405	0
4410	0
4415	0
4420	0
4425	0
4430	0
4435	0
4440	0
4445	0
4450	0
4455	0
4460	0
4465	0
4470	0
4475	0
4480	0
4485	0
4490	0
4495	0
4500	0
4505	0
4510	0
4515	0
4520	0
4525	0
4530	1
4535	1
4540	0
4545	0
4550	0
4555	0
4560	0
4565	0
4570	0
4575	0
4580	0
4585	0
4590	0
4595	0
4600	0
4605	0
4610	0
4615	0
4620	0
4625	0
4630	0
4635	0
4640	0
4645	0
4650	0
4655	0
4660	0
4665	0
4670	0
4675	0
4680	0
4685	0
4690	0
4695	0
4700	0
4705	0
4710	0
4715	0
4720	0
4725	0
4730	0
4735	0
4740	0
4745	0
4750	0
4755	0
4760	0
4765	0
4770	0
4775	0
4780	0
4785	0
4790	0
4795	0
4800	0
4805	0
4810	0
4815	0
4820	0
4825	0
4830	0
4835	0
4840	0
4845	0
4850	0
4855	0
4860	0
4865	0
4870	0
4875	0
4880	0
4885	0
4890	0
4895	1
4900	1
4905	1
4910	1
4915	1
4920	1
4925	1
4930	1
4935	1
4940	1
4945	1
4950	1
4955	1
4960	1
4965	1
4970	1
4975	1
4980	1
4985	0
4990	0
4995	0
5000	0
5005	0
5010	0
5015	0
5020	0
5025	0
5030	0
5035	0
5040	0
5045	0
5050	0
5055	0
5060	0
5065	0
5070	0
5075	0
5080	0
5085	0
5090	0
5095	0
5100	0
5105	0
5110	0
5115	0
5120	0
5125	0
5130	1
5135	0
5140	0
5145	0
5150	0
5155	0
5160	0
5165	0
5170	0
5175	0
5180	0
5185	0
5190	0
5195	0
5200	0
5205	0
5210	0
5215	0
5220	0
5225	0
5230	0
5235	1
5240	0
5245	0
5250	0
5255	0
5260	0
5265	0
5270	0
5275	0
5280	0
5285	0
5290	0
5295	0
5300	0
5305	0
5310	0
5315	0
5320	0
5325	0
5330	0
5335	0
5340	0
5345	0
5350	0
5355	0
5360	0
5365	0
5370	0
5375	0
5380	0
5385	0
5390	0
5395	0
5400	0
5405	0
5410	0
5415	0
5420	0
5425	0
5430	0
5435	0
5440	0
5445	0
5450	0
5455	0
5460	0
5465	0
5470	0
5475	0
5480	0
5485	0
5490	0
5495	0
5500	0
5505	0
5510	0
5515	0
5520	0
5525	0
5530	0
5535	0
5540	0
5545	0
5550	0
5555	0
5560	0
5565	0
5570	0
5575	0
5580	0
5585	0
5590	0
5595	0
5600	0
5605	0
5610	0
5615	0
5620	0
5625	0
5630	0
5635	0
5640	0
5645	0
5650	0
5655	0
5660	0
5665	0
5670	0
5675	0
5680	0
5685	0
5690	0
5695	0
5700	0
5705	0
5710	0
5715	0
5720	0
5725	0
5730	0
5735	0
5740	0
5745	0
5750	0
5755	0
5760	0
5765	0
5770	0
5775	0
5780	0
5785	0
5790	0
5795	0
5800	0
5805	0
5810	0
5815	0
5820	0
5825	0
5830	0
5835	0
5840	0
5845	0
5850	0
5855	0
5860	0
5865	0
5870	0
5875	0
5880	0
5885	0
5890	0
5895	0
5900	0
5905	0
5910	0
5915	0
5920	0
5925	0
5930	0
5935	0
5940	0
5945	0
5950	0
5955	0
5960	0
5965	0
5970	0
5975	0
5980	0
5985	0
5990	0
5995	0
6000	0
6005	0
6010	0
6015	0
6020	0
6025	0
6030	0
6035	0
6040	0
6045	0
6050	0
6055	0
6060	0
6065	0
6070	1
6075	1
6080	1
6085	1
6090	0
6095	0
6100	0
6105	0
6110	0
6115	0
6120	0
6125	0
6130	0
6135	0
6140	0
6145	0
6150	0
6155	0
6160	0
6165	0
6170	0
6175	0
6180	0
6185	0
6190	0
6195	0
6200	0
6205	0
6210	0
6215	0
6220	0
6225	0
6230	0
6235	0
6240	0
6245	0
6250	0
6255	0
6260	0
6265	0
6270	0
6275	0
6280	0
6285	0
6290	0
6295	0
6300	0
6305	0
6310	0
6315	0
6320	0
6325	0
6330	0
6335	0
6340	0
6345	0
6350	0
6355	0
6360	0
6365	0
6370	0
6375	0
6380	0
6385	0
6390	0
6395	0
6400	0
6405	0
6410	0
6415	0
6420	0
6425	0
6430	0
6435	0
6440	0
6445	0
6450	0
6455	0
6460	0
6465	0
6470	0
6475	1
6480	1
6485	0
6490	0
6495	0
6500	0
6505	0
6510	0
6515	0
6520	0
6525	0
6530	0
6535	0
6540	0
6545	0
6550	0
6555	0
6560	0
6565	0
6570	0
6575	0
6580	0
6585	0
6590	0
6595	0
6600	0
6605	0
6610	0
6615	0
6620	0
6625	0
6630	0
6635	0
6640	0
6645	1
6650	1
6655	0
6660	0
6665	0
6670	0
6675	0
6680	0
6685	0
6690	0
6695	0
6700	0
6705	1
6710	1
6715	0
6720	0
6725	0
6730	0
6735	0
6740	0
6745	0
6750	0
6755	0
6760	0
6765	0
6770	0
6775	0
6780	0
6785	0
6790	0
6795	0
6800	0
6805	0
6810	0
6815	0
6820	0
6825	0
6830	0
6835	0
6840	0
6845	0
6850	0
6855	0
6860	0
6865	0
6870	0
6875	0
6880	0
6885	0
6890	0
6895	0
6900	0
6905	0
6910	0
6915	0
6920	0
6925	0
6930	0
6935	0
6940	0
6945	0
6950	0
6955	0
6960	1
6965	1
6970	1
6975	1
6980	0
6985	0
6990	0
6995	0
7000	0
7005	0
7010	0
7015	0
7020	0
7025	0
7030	0
7035	0
7040	1
7045	1
7050	1
7055	1
7060	1
7065	1
7070	1
7075	0
7080	0
7085	0
7090	0
7095	0
7100	0
7105	0
7110	0
7115	0
7120	0
7125	0
7130	1
7135	1
7140	1
7145	1
7150	1
7155	1
7160	1
7165	1
7170	1
7175	1
7180	1
7185	1
7190	1
7195	1
7200	1
7205	1
7210	2
7215	2
7220	1
7225	1
7230	1
7235	1
7240	1
7245	1
7250	1
7255	1
7260	1
7265	1
7270	1
7275	1
7280	1
7285	1
7290	1
7295	1
7300	1
7305	1
7310	1
7315	1
7320	1
7325	1
7330	1
7335	1
7340	1
7345	1
7350	1
7355	1
7360	1
7365	1
7370	1
7375	1
7380	1
7385	1
7390	1
7395	1
7400	1
7405	1
7410	1
7415	1
7420	1
7425	1
7430	1
7435	1
7440	1
7445	1
7450	1
7455	1
7460	1
7465	1
7470	1
7475	1
7480	1
7485	1
7490	1
7495	1
7500	1
7505	1
7510	1
7515	1
7520	1
7525	1
7530	1
7535	1
7540	1
7545	1
7550	1
7555	1
7560	1
7565	1
7570	1
7575	1
7580	1
7585	1
7590	1
7595	1
7600	1
7605	1
7610	1
7615	1
7620	1
7625	1
7630	1
7635	1
7640	1
7645	1
7650	1
7655	1
7660	1
7665	1
7670	1
7675	1
7680	1
7685	1
7690	1
7695	1
7700	1
7705	1
7710	1
7715	1
7720	1
7725	1
7730	1
7735	1
7740	1
7745	1
7750	1
7755	1
7760	1
7765	1
7770	1
7775	1
7780	1
7785	1
7790	1
7795	1
7800	2
7805	3
7810	3
7815	1
7820	1
7825	1
7830	1
7835	1
7840	1
7845	1
7850	1
7855	1
7860	1
7865	1
7870	1
7875	1
7880	1
7885	1
7890	1
7895	1
7900	1
7905	1
7910	1
7915	1
7920	2
7925	2
7930	2
7935	2
7940	2
7945	2
7950	1
7955	1
7960	0
7965	0
7970	0
7975	0
7980	0
7985	0
7990	0
7995	0
8000	0
8005	0
8010	0
8015	0
8020	0
8025	0
8030	0
8035	0
8040	0
8045	1
8050	1
8055	1
8060	1
8065	1
8070	1
8075	1
8080	0
8085	0
8090	0
8095	0
8100	0
8105	0
8110	0
8115	0
8120	0
8125	0
8130	0
8135	0
8140	0
8145	0
8150	0
8155	0
8160	0
8165	0
8170	0
8175	0
8180	0
8185	0
8190	0
8195	0
8200	0
8205	0
8210	0
8215	0
8220	0
8225	0
8230	0
8235	0
8240	0
8245	0
8250	0
8255	0
8260	0
8265	0
8270	0
8275	0
8280	1
8285	0
8290	0
8295	0
8300	0
8305	0
8310	0
8315	1
8320	0
8325	0
8330	0
8335	0
8340	0
8345	0
8350	0
8355	0
8360	0
8365	0
8370	0
8375	0
8380	0
8385	0
8390	0
8395	0
8400	0
8405	0
8410	1
8415	1
8420	0
8425	0
8430	0
8435	0
8440	0
8445	0
8450	0
8455	0
8460	0
8465	0
8470	0
8475	0
8480	0
8485	0
8490	0
8495	0
8500	0
8505	0
8510	0
8515	0
8520	0
8525	0
8530	0
8535	1
8540	1
8545	1
8550	1
8555	0
8560	0
8565	0
8570	0
8575	0
8580	0
8585	1
8590	1
8595	0
8600	0
8605	0
8610	0
8615	0
8620	0
8625	0
8630	0
8635	0
8640	0
8645	0
8650	0
8655	0
8660	0
8665	0
8670	0
8675	0
8680	0
8685	0
8690	0
8695	1
8700	1
8705	1
8710	1
8715	1
8720	1
8725	0
8730	1
8735	1
8740	0
8745	0
8750	0
8755	0
8760	0
8765	0
8770	0
8775	0
8780	0
8785	0
8790	0
8795	0
8800	0
8805	0
8810	0
8815	1
8820	1
8825	1
8830	1
8835	0
8840	0
8845	0
8850	0
8855	0
8860	0
8865	0
8870	0
8875	0
8880	0
8885	0
8890	0
8895	0
8900	0
8905	0
8910	0
8915	0
8920	0
8925	0
8930	0
8935	0
8940	0
8945	0
8950	0
8955	0
8960	0
8965	0
8970	0
8975	0
8980	0
8985	0
8990	0
8995	0
9000	0
9005	0
9010	0
9015	0
9020	0
9025	0
9030	0
9035	0
9040	0
9045	0
9050	0
9055	0
9060	0
9065	0
9070	0
9075	1
9080	0
9085	0
9090	0
9095	0
9100	0
9105	0
9110	0
9115	0
9120	0
9125	0
9130	0
9135	0
9140	0
9145	0
9150	0
9155	0
9160	0
9165	0
9170	0
9175	0
9180	0
9185	0
9190	1
9195	1
9200	1
9205	0
9210	0
9215	0
9220	1
9225	1
9230	0
9235	0
9240	1
9245	1
9250	1
9255	1
9260	1
9265	1
9270	1
9275	0
9280	0
9285	0
9290	0
9295	0
9300	0
9305	0
9310	0
9315	0
9320	0
9325	1
9330	1
9335	0
9340	0
9345	0
9350	0
9355	0
9360	0
9365	0
9370	0
9375	0
9380	0
9385	0
9390	0
9395	0
9400	0
9405	0
9410	0
9415	0
9420	0
9425	0
9430	0
9435	0
9440	0
9445	0
9450	0
9455	0
9460	0
9465	0
9470	0
9475	0
9480	0
9485	0
9490	0
9495	0
9500	0
9505	0
9510	0
9515	0
9520	0
9525	0
9530	0
9535	0
9540	0
9545	0
9550	0
9555	0
9560	0
9565	0
9570	0
9575	0
9580	0
9585	0
9590	0
9595	0
9600	0
9605	0
9610	0
9615	0
9620	0
9625	0
9630	0
9635	0
9640	0
9645	0
9650	0
9655	0
9660	0
9665	0
9670	0
9675	0
9680	0
9685	0
9690	0
9695	0
9700	0
9705	0
9710	0
9715	1
9720	1
9725	1
9730	1
9735	1
9740	1
9745	1
9750	1
9755	1
9760	1
9765	1
9770	1
9775	1
9780	1
9785	1
9790	1
9795	1
9800	1
9805	1
9810	1
9815	1
9820	2
9825	2
9830	2
9835	2
9840	2
9845	2
9850	2
9855	2
9860	2
9865	2
9870	2
9875	2
9880	2
9885	2
9890	2
9895	2
9900	2
9905	2
9910	2
9915	2
9920	2
9925	2
9930	1
9935	1
9940	1
9945	1
9950	1
9955	1
9960	1
9965	1
9970	1
9975	1
9980	1
9985	1
9990	1
9995	1
10000	1
10005	1
10010	1
10015	1
10020	1
10025	1
10030	1
10035	0
10040	0
10045	0
10050	0
10055	0
10060	0
10065	0
10070	0
10075	0
10080	0
10085	0
10090	0
10095	0
10100	0
10105	0
10110	1
10115	1
10120	1
10125	1
10130	1
10135	0
10140	0
10145	0
10150	0
10155	0
10160	0
10165	0
10170	0
10175	0
10180	0
10185	0
10190	0
10195	0
10200	0
10205	0
10210	0
10215	0
10220	0
10225	0
10230	0
10235	0
10240	0
10245	0
10250	0
10255	0
10260	0
10265	0
10270	0
10275	0
10280	0
10285	0
10290	0
10295	0
10300	0
10305	0
10310	0
10315	0
10320	0
10325	0
10330	0
10335	0
10340	0
10345	0
10350	0
10355	0
10360	0
10365	0
10370	0
10375	0
10380	0
10385	0
10390	0
10395	0
10400	0
10405	0
10410	0
10415	0
10420	0
10425	0
10430	0
10435	0
10440	0
10445	0
10450	0
10455	0
10460	0
10465	0
10470	0
10475	0
10480	0
10485	0
10490	0
10495	0
10500	0
10505	0
10510	0
10515	0
10520	0
10525	0
10530	0
10535	0
10540	0
10545	0
10550	0
10555	0
10560	0
10565	0
10570	0
10575	0
10580	0
10585	0
10590	0
10595	0
10600	0
10605	0
10610	0
10615	0
10620	0
10625	0
10630	0
10635	0
10640	0
10645	0
10650	0
10655	0
10660	0
10665	0
10670	0
10675	0
10680	0
10685	0
10690	0
10695	0
10700	0
10705	0
10710	0
10715	0
10720	0
10725	0
10730	0
10735	0
10740	0
10745	0
10750	0
10755	0
10760	0
10765	0
10770	0
10775	0
10780	0
10785	0
10790	0
10795	0
10800	0
10805	0
10810	0
10815	0
10820	0
10825	0
10830	0
10835	0
10840	0
10845	0
10850	0
10855	0
10860	0
10865	0
10870	0
10875	0
10880	0
10885	0
10890	0
10895	0
10900	0
10905	0
10910	0
10915	0
10920	0
10925	0
10930	0
10935	0
10940	0
10945	0
10950	1
10955	1
10960	1
10965	1
10970	1
10975	0
10980	0
10985	0
10990	0
10995	0
11000	0
11005	0
11010	0
11015	0
11020	0
11025	0
11030	0
11035	0
11040	0
11045	0
11050	0
11055	0
11060	0
11065	0
11070	0
11075	0
11080	0
11085	0
11090	0
11095	0
11100	0
11105	0
11110	0
11115	0
11120	0
11125	0
11130	0
11135	0
11140	0
11145	0
11150	0
11155	0
11160	0
11165	0
11170	0
11175	0
11180	0
11185	0
11190	0
11195	0
11200	0
11205	0
11210	0
11215	0
11220	0
11225	0
11230	0
11235	1
11240	0
11245	0
11250	0
11255	0
11260	0
11265	0
11270	0
11275	0
11280	0
11285	0
11290	0
11295	0
11300	0
11305	0
11310	0
11315	0
11320	0
11325	0
11330	0
11335	0
11340	0
11345	0
11350	0
11355	0
11360	0
11365	0
11370	0
11375	0
11380	0
11385	0
11390	0
11395	0
11400	0
11405	0
11410	0
11415	0
11420	0
11425	0
11430	0
11435	0
11440	0
11445	0
11450	0
11455	0
11460	0
11465	0
11470	0
11475	0
11480	0
11485	0
11490	0
11495	0
11500	0
11505	0
11510	0
11515	0
11520	0
11525	0
11530	0
11535	0
11540	0
11545	0
11550	0
11555	0
11560	0
11565	0
11570	0
11575	0
11580	0
11585	0
11590	0
11595	1
11600	1
11605	1
11610	0
11615	0
11620	0
11625	0
11630	0
11635	0
11640	0
11645	0
11650	0
11655	0
11660	0
11665	0
11670	0
11675	0
11680	0
11685	0
11690	0
11695	0
11700	0
11705	0
11710	0
11715	0
11720	0
11725	0
11730	0
11735	0
11740	0
11745	0
11750	0
11755	0
11760	0
11765	0
11770	0
11775	0
11780	0
11785	0
11790	0
11795	0
11800	0
11805	0
11810	0
11815	0
11820	0
11825	0
11830	0
11835	0
11840	0
11845	0
11850	0
11855	0
11860	0
11865	0
11870	0
11875	0
11880	0
11885	0
11890	0
11895	0
11900	0
11905	0
11910	0
11915	0
11920	0
11925	0
11930	0
11935	0
11940	0
11945	0
11950	0
11955	0
11960	0
11965	0
11970	0
11975	0
11980	0
11985	1
11990	1
11995	0
12000	0
12005	0
12010	0
12015	0
12020	0
12025	0
12030	0
12035	0
12040	0
12045	0
12050	0
12055	0
12060	0
12065	0
12070	0
12075	0
12080	0
12085	0
12090	0
12095	0
12100	0
12105	0
12110	0
12115	0
12120	0
12125	0
12130	0
12135	0
12140	0
12145	0
12150	0
12155	0
12160	0
12165	0
12170	0
12175	0
12180	0
12185	0
12190	0
12195	0
12200	0
12205	0
12210	0
12215	0
12220	1
12225	1
12230	1
12235	1
12240	0
12245	0
12250	1
12255	1
12260	0
12265	0
12270	0
12275	0
12280	0
12285	0
12290	0
12295	0
12300	0
12305	0
12310	0
12315	0
12320	0
12325	0
12330	0
12335	0
12340	0
12345	0
12350	0
12355	0
12360	0
12365	0
12370	0
12375	0
12380	0
12385	0
12390	0
12395	0
12400	0
12405	0
12410	0
12415	0
12420	0
12425	0
12430	0
12435	0
12440	0
12445	0
12450	0
12455	0
12460	0
12465	0
12470	0
12475	0
12480	0
12485	0
12490	0
12495	0
12500	0
12505	0
12510	0
12515	0
12520	0
12525	0
12530	0
12535	0
12540	0
12545	0
12550	0
12555	0
12560	0
12565	0
12570	0
12575	0
12580	0
12585	0
12590	0
12595	0
12600	0
12605	0
12610	0
12615	0
12620	0
12625	0
12630	0
12635	0
12640	0
12645	0
12650	0
12655	0
12660	0
12665	0
12670	1
12675	1
12680	1
12685	1
12690	1
12695	1
12700	1
12705	1
12710	1
12715	1
12720	1
12725	1
12730	1
12735	0
12740	0
12745	0
12750	0
12755	0
12760	1
12765	0
12770	0
12775	0
12780	0
12785	0
12790	0
12795	0
12800	0
12805	0
12810	0
12815	0
12820	0
12825	0
12830	0
12835	0
12840	0
12845	0
12850	0
12855	0
12860	0
12865	0
12870	0
12875	0
12880	1
12885	1
12890	0
12895	0
12900	1
12905	0
12910	0
12915	0
12920	1
12925	1
12930	1
12935	1
12940	0
12945	0
12950	0
12955	0
12960	0
12965	0
12970	0
12975	1
12980	1
12985	1
12990	1
12995	0
13000	0
13005	0
13010	0
13015	0
13020	0
13025	0
13030	0
13035	1
13040	1
13045	0
13050	0
13055	0
13060	0
13065	0
13070	0
13075	0
13080	0
13085	0
13090	0
13095	0
13100	0
13105	0
13110	0
13115	0
13120	0
13125	0
13130	0
13135	0
13140	0
13145	0
13150	0
13155	0
13160	0
13165	0
13170	0
13175	0
13180	0
13185	0
13190	0
13195	0
13200	0
13205	0
13210	0
13215	0
13220	0
13225	0
13230	0
13235	0
13240	0
13245	0
13250	0
13255	0
13260	0
13265	0
13270	0
13275	1
13280	1
13285	1
13290	1
13295	1
13300	1
13305	1
13310	1
13315	1
13320	1
13325	1
13330	1
13335	1
13340	1
13345	1
13350	1
13355	1
13360	1
13365	1
13370	1
13375	2
13380	2
13385	2
13390	2
13395	2
13400	1
13405	1
13410	1
13415	1
13420	1
13425	1
13430	1
13435	1
13440	1
13445	1
13450	1
13455	1
13460	1
13465	1
13470	1
13475	1
13480	1
13485	1
13490	1
13495	1
13500	1
13505	1
13510	1
13515	1
13520	2
13525	2
13530	2
13535	2
13540	2
13545	2
13550	2
13555	2
13560	2
13565	2
13570	2
13575	2
13580	2
13585	2
13590	2
13595	2
13600	2
13605	2
13610	2
13615	2
13620	2
13625	2
13630	2
13635	2
13640	2
13645	2
13650	2
13655	2
13660	2
13665	2
13670	2
13675	2
13680	2
13685	2
13690	2
13695	2
13700	2
13705	2
13710	2
13715	3
13720	3
13725	3
13730	3
13735	3
13740	3
13745	3
13750	3
13755	3
13760	3
13765	3
13770	2
13775	2
13780	2
13785	2
13790	2
13795	2
13800	2
13805	2
13810	2
13815	2
13820	2
13825	2
13830	2
13835	2
13840	2
13845	2
13850	2
13855	2
13860	2
13865	2
13870	2
13875	3
13880	2
13885	2
13890	2
13895	2
13900	2
13905	2
13910	2
13915	2
13920	2
13925	2
13930	2
13935	2
13940	3
13945	3
13950	3
13955	3
13960	3
13965	3
13970	3
13975	3
13980	3
13985	3
13990	3
13995	3
14000	3
14005	3
14010	3
14015	3
14020	3
14025	3
14030	3
14035	3
14040	3
14045	3
14050	3
14055	3
14060	3
14065	3
14070	3
14075	3
14080	3
14085	3
14090	3
14095	3
14100	3
14105	3
14110	3
14115	3
14120	3
14125	3
14130	3
14135	3
14140	3
14145	3
14150	3
14155	3
14160	4
14165	3
14170	3
14175	3
14180	3
14185	3
14190	4
14195	5
14200	5
14205	5
14210	5
14215	5
14220	5
14225	5
14230	5
14235	4
14240	4
14245	4
14250	4
14255	4
14260	4
14265	4
14270	4
14275	4
14280	4
14285	4
14290	4
14295	4
14300	4
14305	4
14310	4
14315	4
14320	4
14325	4
14330	3
14335	3
14340	3
14345	3
14350	3
14355	3
14360	3
14365	3
14370	4
14375	4
14380	3
14385	3
14390	3
14395	3
14400	3
14405	3
14410	3
14415	3
14420	3
14425	3
14430	3
14435	3
14440	3
14445	3
14450	3
14455	3
14460	3
14465	4
14470	4
14475	4
14480	4
14485	3
14490	3
14495	3
14500	3
14505	3
14510	3
14515	3
14520	3
14525	3
14530	3
14535	3
14540	3
14545	3
14550	3
14555	3
14560	3
14565	3
14570	3
14575	3
14580	3
14585	3
14590	3
14595	3
14600	3
14605	3
14610	3
14615	3
14620	3
14625	3
14630	3
14635	3
14640	3
14645	3
14650	3
14655	3
14660	3
14665	3
14670	3
14675	3
14680	3
14685	3
14690	3
14695	3
14700	3
14705	3
14710	3
14715	3
14720	3
14725	3
14730	3
14735	3
14740	3
14745	3
14750	3
14755	3
14760	3
14765	3
14770	3
14775	3
14780	3
14785	3
14790	3
14795	3
14800	3
14805	3
14810	3
14815	3
14820	3
14825	3
14830	3
14835	3
14840	3
14845	3
14850	3
14855	3
14860	3
14865	3
14870	3
14875	3
14880	3
14885	3
14890	3
14895	3
14900	4
14905	4
14910	4
14915	3
14920	3
14925	3
14930	3
14935	3
14940	3
14945	3
14950	3
14955	3
14960	3
14965	3
14970	3
14975	3
14980	3
14985	3
14990	3
14995	3
15000	2
15005	2
15010	2
15015	2
15020	2
15025	2
15030	2
15035	2
15040	3
15045	3
15050	3
15055	3
15060	3
15065	2
15070	2
15075	2
15080	2
15085	2
15090	2
15095	2
15100	2
15105	2
15110	2
15115	2
15120	2
15125	2
15130	2
15135	2
15140	2
15145	2
15150	2
15155	2
15160	2
15165	2
15170	2
15175	2
15180	1
15185	1
15190	1
15195	1
15200	1
15205	1
15210	1
15215	2
15220	2
15225	2
15230	1
15235	1
15240	1
15245	1
15250	1
15255	1
15260	1
15265	1
15270	1
15275	1
15280	1
15285	1
15290	1
15295	1
15300	1
15305	1
15310	1
15315	1
15320	1
15325	1
15330	1
15335	1
15340	1
15345	1
15350	1
15355	0
15360	0
15365	0
15370	0
15375	0
15380	0
15385	0
15390	0
15395	0
15400	0
15405	0
15410	0
15415	0
15420	0
15425	0
15430	0
15435	0
15440	0
15445	0
15450	0
15455	0
15460	0
15465	0
15470	0
15475	0
15480	0
15485	0
15490	1
15495	0
15500	0
15505	0
15510	0
15515	0
15520	0
15525	0
15530	0
15535	0
15540	0
15545	0
15550	0
15555	0
15560	0
15565	0
15570	0
15575	0
15580	0
15585	0
15590	0
15595	0
15600	0
15605	0
15610	0
15615	0
15620	0
15625	0
15630	0
15635	0
15640	0
15645	0
15650	0
15655	0
15660	0
15665	0
15670	0
15675	0
15680	0
15685	0
15690	0
15695	0
15700	0
15705	0
15710	0
15715	0
15720	0
15725	0
15730	0
15735	0
15740	0
15745	0
15750	0
15755	0
15760	0
15765	0
15770	0
15775	0
15780	0
15785	0
15790	0
15795	0
15800	0
15805	0
15810	0
15815	0
15820	0
15825	0
15830	1
15835	1
15840	0
15845	0
15850	0
15855	0
15860	0
15865	0
15870	0
15875	0
15880	0
15885	0
15890	0
15895	0
15900	0
15905	0
15910	0
15915	0
15920	0
15925	0
15930	0
15935	0
15940	0
15945	0
15950	0
15955	1
15960	1
15965	2
15970	2
15975	2
15980	1
15985	1
15990	1
15995	1
16000	1
16005	1
16010	1
16015	1
16020	1
16025	1
16030	1
16035	1
16040	1
16045	1
16050	1
16055	1
16060	1
16065	1
16070	1
16075	1
16080	1
16085	1
16090	1
16095	1
16100	1
16105	1
16110	1
16115	1
16120	1
16125	1
16130	1
16135	1
16140	1
16145	1
16150	1
16155	1
16160	1
16165	1
16170	1
16175	1
16180	1
16185	1
16190	1
16195	1
16200	1
16205	1
16210	1
16215	1
16220	1
16225	1
16230	1
16235	1
16240	1
16245	1
16250	1
16255	1
16260	1
16265	1
16270	1
16275	1
16280	1
16285	1
16290	1
16295	1
16300	1
16305	0
16310	0
16315	0
16320	0
16325	0
16330	0
16335	1
16340	1
16345	1
16350	1
16355	1
16360	1
16365	1
16370	1
16375	1
16380	1
16385	1
16390	0
16395	0
16400	0
16405	0
16410	0
16415	0
16420	0
16425	0
16430	0
16435	0
16440	0
16445	0
16450	0
16455	0
16460	0
16465	0
16470	0
16475	0
16480	0
16485	0
16490	0
16495	0
16500	0
16505	0
16510	0
16515	0
16520	0
16525	0
16530	0
16535	0
16540	0
16545	0
16550	0
16555	0
16560	0
16565	0
16570	0
16575	0
16580	0
16585	0
16590	0
16595	0
16600	0
16605	0
16610	0
16615	0
16620	0
16625	0
16630	0
16635	0
16640	0
16645	0
16650	0
16655	0
16660	0
16665	1
16670	1
16675	1
16680	0
16685	0
16690	0
16695	0
16700	0
16705	0
16710	0
16715	0
16720	0
16725	1
16730	1
16735	1
16740	1
16745	0
16750	0
16755	0
16760	0
16765	0
16770	0
16775	0
16780	0
16785	0
16790	0
16795	0
16800	0
16805	0
16810	0
16815	0
16820	0
16825	0
16830	0
16835	0
16840	0
16845	0
16850	0
16855	0
16860	0
16865	0
16870	0
16875	0
16880	0
16885	0
16890	0
16895	0
16900	0
16905	0
16910	0
16915	0
16920	0
16925	0
16930	0
16935	0
16940	0
16945	0
16950	0
16955	0
16960	0
16965	0
16970	0
16975	0
16980	1
16985	0
16990	0
16995	0
17000	0
17005	0
17010	0
17015	0
17020	0
17025	0
17030	0
17035	0
17040	0
17045	0
17050	0
17055	0
17060	0
17065	0
17070	0
17075	0
17080	0
17085	0
17090	0
17095	0
17100	0
17105	0
17110	0
17115	0
17120	0
17125	0
17130	0
17135	0
17140	0
17145	0
17150	0
17155	0
17160	0
17165	1
17170	1
17175	0
17180	0
17185	0
17190	0
17195	0
17200	0
17205	0
17210	0
17215	0
17220	1
17225	1
17230	1
17235	1
17240	1
17245	1
17250	1
17255	1
17260	1
17265	1
17270	1
17275	1
17280	1
17285	1
17290	1
17295	1
17300	1
17305	1
17310	1
17315	1
17320	1
17325	1
17330	1
17335	1
17340	1
17345	1
17350	1
17355	1
17360	1
17365	1
17370	1
17375	0
17380	0
17385	0
17390	0
17395	0
17400	0
17405	0
17410	0
17415	0
17420	0
17425	0
17430	0
17435	1
17440	1
17445	1
17450	1
17455	1
17460	1
17465	1
17470	1
17475	1
17480	1
17485	1
17490	1
17495	1
17500	1
17505	1
17510	1
17515	1
17520	1
17525	2
17530	2
17535	2
17540	2
17545	1
17550	1
17555	1
17560	1
17565	2
17570	1
17575	1
17580	1
17585	1
17590	1
17595	1
17600	1
17605	1
17610	1
17615	1
17620	1
17625	1
17630	2
17635	2
17640	2
17645	2
17650	3
17655	3
17660	2
17665	2
17670	2
17675	2
17680	2
17685	2
17690	2
17695	2
17700	2
17705	2
17710	2
17715	2
17720	2
17725	2
17730	2
17735	2
17740	2
17745	2
17750	2
17755	2
17760	2
17765	2
17770	2
17775	2
17780	2
17785	2
17790	2
17795	2
17800	2
17805	2
17810	2
17815	2
17820	2
17825	2
17830	2
17835	2
17840	2
17845	2
17850	1
17855	2
17860	2
17865	2
17870	2
17875	2
17880	2
17885	1
17890	1
17895	1
17900	1
17905	1
17910	2
17915	2
17920	1
17925	0
17930	0
17935	0
17940	0
17945	0
17950	0
17955	0
17960	0
17965	0
17970	0
17975	0
17980	0
17985	0
17990	0
17995	0
18000	0
18005	0
18010	0
18015	0
18020	0
18025	1
18030	1
18035	0
18040	0
18045	0
18050	1
18055	1
18060	0
18065	0
18070	0
18075	0
18080	0
18085	0
18090	0
18095	0
18100	0
18105	0
18110	0
18115	0
18120	0
18125	0
18130	0
18135	0
18140	0
18145	0
18150	0
18155	0
18160	0
18165	0
18170	0
18175	0
18180	0
18185	0
18190	0
18195	0
18200	0
18205	0
18210	0
18215	0
18220	0
18225	0
18230	0
18235	0
18240	0
18245	0
18250	0
18255	0
18260	0
18265	0
18270	0
18275	1
18280	1
18285	1
18290	1
18295	1
18300	1
18305	1
18310	1
18315	1
18320	1
18325	1
18330	1
18335	1
18340	1
18345	2
18350	2
18355	2
18360	2
18365	2
18370	1
18375	1
18380	1
18385	1
18390	1
18395	1
18400	1
18405	0
18410	0
18415	0
18420	0
18425	0
18430	0
18435	0
18440	0
18445	0
18450	0
18455	0
18460	0
18465	0
18470	0
18475	0
18480	0
18485	0
18490	0
18495	0
18500	0
18505	0
18510	0
18515	0
18520	0
18525	0
18530	0
18535	0
18540	0
18545	0
18550	0
18555	0
18560	0
18565	0
18570	0
18575	0
18580	0
18585	0
18590	0
18595	0
18600	0
18605	0
18610	0
18615	0
18620	0
18625	0
18630	0
18635	0
18640	0
18645	1
18650	1
18655	0
18660	0
18665	0
18670	0
18675	0
18680	0
18685	0
18690	0
18695	0
18700	0
18705	0
18710	0
18715	0
18720	0
18725	0
18730	0
18735	0
18740	0
18745	0
18750	0
18755	1
18760	1
18765	0
18770	0
18775	0
18780	0
18785	0
18790	0
18795	0
18800	0
18805	0
18810	0
18815	0
18820	0
18825	0
18830	0
18835	0
18840	0
18845	0
18850	0
18855	0
18860	0
18865	0
18870	0
18875	0
18880	0
18885	0
18890	0
18895	0
18900	0
18905	0
18910	0
18915	0
18920	0
18925	0
18930	0
18935	0
18940	0
18945	0
18950	0
18955	0
18960	0
18965	0
18970	0
18975	0
18980	0
18985	0
18990	0
18995	0
19000	0
19005	0
19010	0
19015	0
19020	0
19025	0
19030	0
19035	0
19040	0
19045	0
19050	0
19055	0
19060	0
19065	0
19070	0
19075	0
19080	0
19085	0
19090	0
19095	0
19100	0
19105	0
19110	0
19115	0
19120	0
19125	0
19130	0
19135	0
19140	0
19145	0
19150	0
19155	0
19160	0
19165	0
19170	0
19175	0
19180	0
19185	0
19190	0
19195	0
19200	0
19205	0
19210	0
19215	0
19220	0
19225	0
19230	0
19235	0
19240	0
19245	0
19250	0
19255	0
19260	0
19265	0
19270	0
19275	0
19280	0
19285	0
19290	1
19295	1
19300	1
19305	1
19310	1
19315	1
19320	1
19325	1
19330	1
19335	2
19340	2
19345	3
19350	3
19355	4
19360	4
19365	4
19370	4
19375	4
19380	3
19385	3
19390	3
19395	3
19400	3
19405	3
19410	3
19415	4
19420	4
19425	4
19430	3
19435	3
19440	3
19445	3
19450	3
19455	3
19460	3
19465	3
19470	3
19475	3
19480	4
19485	4
19490	3
19495	2
19500	2
19505	2
19510	2
19515	2
19520	2
19525	2
19530	2
19535	2
19540	3
19545	3
19550	3
19555	3
19560	3
19565	2
19570	1
19575	2
19580	2
19585	2
19590	2
19595	1
19600	1
19605	1
19610	1
19615	1
19620	1
19625	1
19630	1
19635	1
19640	1
19645	1
19650	1
19655	1
19660	1
19665	2
19670	1
19675	1
19680	1
19685	1
19690	2
19695	2
19700	2
19705	1
19710	1
19715	1
19720	1
19725	1
19730	1
19735	1
19740	1
19745	1
19750	1
19755	1
19760	1
19765	1
19770	1
19775	1
19780	1
19785	1
19790	1
19795	1
19800	1
19805	1
19810	1
19815	1
19820	1
19825	1
19830	1
19835	1
19840	1
19845	1
19850	1
19855	1
19860	1
19865	1
19870	1
19875	1
19880	1
19885	1
19890	1
19895	1
19900	1
19905	1
19910	1
19915	1
19920	1
19925	1
19930	1
19935	1
19940	1
19945	1
19950	1
19955	1
19960	1
19965	1
19970	1
19975	1
19980	1
19985	1
19990	1
19995	1
20000	1
20005	1
20010	1
20015	1
20020	1
20025	1
20030	1
20035	1
20040	0
20045	0
20050	0
20055	0
20060	0
20065	0
20070	0
20075	0
20080	0
20085	0
20090	0
20095	0
20100	0
20105	0
20110	0
20115	0
20120	0
20125	0
20130	0
20135	0
20140	0
20145	0
20150	0
20155	0
20160	0
20165	0
20170	0
20175	0
20180	0
20185	0
20190	0
20195	0
20200	0
20205	0
20210	0
20215	0
20220	0
20225	0
20230	0
20235	0
20240	0
20245	0
20250	0
20255	0
20260	0
20265	0
20270	0
20275	0
20280	0
20285	0
20290	0
20295	0
20300	0
20305	0
20310	0
20315	0
20320	0
20325	0
20330	0
20335	0
20340	0
20345	0
20350	0
20355	0
20360	0
20365	0
20370	0
20375	0
20380	0
20385	0
20390	0
20395	0
20400	0
20405	0
20410	0
20415	0
20420	0
20425	0
20430	0
20435	0
20440	0
20445	0
20450	0
20455	0
20460	0
20465	0
20470	0
20475	0
20480	0
20485	0
20490	0
20495	0
20500	0
20505	0
20510	0
20515	0
20520	0
20525	0
20530	0
20535	0
20540	0
20545	0
20550	1
20555	0
20560	0
20565	0
20570	0
20575	0
20580	0
20585	0
20590	0
20595	0
20600	0
20605	0
20610	0
20615	0
20620	0
20625	0
20630	0
20635	0
20640	0
20645	0
20650	0
20655	0
20660	0
20665	0
20670	0
20675	0
20680	0
20685	0
20690	0
20695	0
20700	0
20705	0
20710	0
20715	0
20720	0
20725	0
20730	0
20735	0
20740	0
20745	0
20750	0
20755	0
20760	0
20765	0
20770	0
20775	0
20780	0
20785	1
20790	1
20795	0
20800	0
20805	0
20810	0
20815	0
20820	0
20825	0
20830	0
20835	0
20840	0
20845	0
20850	0
20855	0
20860	0
20865	0
20870	0
20875	0
20880	0
20885	0
20890	0
20895	0
20900	0
20905	0
20910	0
20915	0
20920	0
20925	0
20930	0
20935	0
20940	0
20945	0
20950	0
20955	0
20960	0
20965	0
20970	0
20975	0
20980	0
20985	0
20990	0
20995	0
21000	0
21005	0
21010	0
21015	0
21020	0
21025	0
21030	0
21035	0
21040	0
21045	0
21050	0
21055	0
21060	0
21065	0
21070	0
21075	0
21080	0
21085	0
21090	0
21095	0
21100	0
21105	0
21110	0
21115	0
21120	0
21125	0
21130	0
21135	0
21140	0
21145	0
21150	0
21155	0
21160	0
21165	0
21170	0
21175	0
21180	0
21185	1
21190	0
21195	0
21200	0
21205	0
21210	0
21215	0
21220	0
21225	0
21230	0
21235	0
21240	1
21245	1
21250	1
21255	0
21260	0
21265	0
21270	0
21275	0
21280	0
21285	0
21290	0
21295	0
21300	0
21305	0
21310	0
21315	1
21320	0
21325	0
21330	0
21335	0
21340	0
21345	0
21350	0
21355	0
21360	0
21365	0
21370	0
21375	0
21380	0
21385	0
21390	0
21395	0
21400	0
21405	0
21410	0
21415	0
21420	0
21425	0
21430	0
21435	0
21440	0
21445	0
21450	0
21455	0
21460	0
21465	0
21470	0
21475	0
21480	0
21485	0
21490	0
21495	0
21500	0
21505	0
21510	0
21515	0
21520	0
21525	0
21530	0
21535	0
21540	0
21545	0
21550	0
21555	0
21560	0
21565	0
21570	0
21575	0
21580	0
21585	0
21590	0
21595	0
21600	0
21605	0
21610	0
21615	0
21620	0
21625	0
21630	0
21635	0
21640	0
21645	0
21650	0
21655	0
21660	0
21665	0
21670	0
21675	0
21680	0
21685	0
21690	0
21695	0
21700	0
21705	0
21710	1
21715	1
21720	1
21725	1
21730	1
21735	1
21740	1
21745	1
21750	1
21755	1
21760	1
21765	1
21770	1
21775	1
21780	1
21785	1
21790	1
21795	1
21800	1
21805	1
21810	1
21815	1
21820	1
21825	1
21830	1
21835	1
21840	1
21845	1
21850	1
21855	1
21860	1
21865	1
21870	1
21875	1
21880	1
21885	1
21890	1
21895	1
21900	1
21905	1
21910	1
21915	1
21920	1
21925	1
21930	2
21935	2
21940	2
21945	1
21950	1
21955	1
21960	1
21965	1
21970	1
21975	1
21980	1
21985	1
21990	1
21995	1
22000	1
22005	1
22010	1
22015	1
22020	1
22025	1
22030	1
22035	1
22040	1
22045	1
22050	1
22055	1
22060	1
22065	1
22070	1
22075	1
22080	1
22085	1
22090	2
22095	2
22100	2
22105	2
22110	1
22115	1
22120	1
22125	1
22130	1
22135	1
22140	2
22145	2
22150	2
22155	2
22160	2
22165	2
22170	1
22175	1
22180	1
22185	1
22190	1
22195	1
22200	1
22205	1
22210	1
22215	1
22220	1
22225	1
22230	1
22235	1
22240	1
22245	1
22250	1
22255	1
22260	1
22265	1
22270	1
22275	1
22280	1
22285	1
22290	1
22295	2
22300	1
22305	1
22310	1
22315	1
22320	1
22325	1
22330	1
22335	1
22340	1
22345	1
22350	1
22355	1
22360	1
22365	1
22370	1
22375	1
22380	1
22385	1
22390	1
22395	1
22400	1
22405	1
22410	1
22415	1
22420	1
22425	1
22430	1
22435	1
22440	1
22445	1
22450	1
22455	1
22460	1
22465	1
22470	1
22475	1
22480	1
22485	1
22490	1
22495	1
22500	1
22505	1
22510	1
22515	1
22520	1
22525	0
22530	0
22535	0
22540	0
22545	0
22550	0
22555	0
22560	0
22565	1
22570	1
22575	1
22580	0
22585	0
22590	0
22595	0
22600	0
22605	0
22610	0
22615	0
22620	0
22625	0
22630	0
22635	0
22640	0
22645	0
22650	0
22655	0
22660	0
22665	0
22670	0
22675	0
22680	0
22685	0
22690	0
22695	0
22700	0
22705	0
22710	0
22715	0
22720	0
22725	0
22730	0
22735	2
22740	2
22745	0
22750	0
22755	0
22760	0
22765	0
22770	0
22775	0
22780	0
22785	0
22790	0
22795	0
22800	0
22805	0
22810	0
22815	0
22820	0
22825	0
22830	0
22835	1
22840	1
22845	1
22850	1
22855	1
22860	1
22865	1
22870	1
22875	1
22880	1
22885	1
22890	1
22895	1
22900	1
22905	1
22910	1
22915	1
22920	1
22925	1
22930	1
22935	1
22940	1
22945	1
22950	1
22955	1
22960	1
22965	1
22970	1
22975	1
22980	1
22985	1
22990	1
22995	1
23000	1
23005	1
23010	1
23015	1
23020	1
23025	1
23030	1
23035	1
23040	1
23045	1
23050	1
23055	1
23060	1
23065	1
23070	1
23075	1
23080	1
23085	1
23090	1
23095	2
23100	1
23105	1
23110	1
23115	1
23120	1
23125	1
23130	1
23135	1
23140	1
23145	1
23150	1
23155	1
23160	1
23165	1
23170	1
23175	1
23180	1
23185	1
23190	2
23195	2
23200	2
23205	1
23210	1
23215	1
23220	1
23225	1
23230	1
23235	1
23240	1
23245	1
23250	1
23255	1
23260	1
23265	1
23270	1
23275	0
23280	0
23285	0
23290	0
23295	0
23300	0
23305	0
23310	0
23315	0
23320	0
23325	0
23330	0
23335	0
23340	0
23345	0
23350	0
23355	0
23360	0
23365	0
23370	0
23375	0
23380	0
23385	0
23390	0
23395	0
23400	0
23405	0
23410	0
23415	0
23420	0
23425	0
23430	0
23435	0
23440	0
23445	0
23450	0
23455	0
23460	0
23465	0
23470	0
23475	0
23480	0
23485	0
23490	0
23495	0
23500	0
23505	0
23510	0
23515	0
23520	0
23525	0
23530	0
23535	0
23540	0
23545	0
23550	0
23555	0
23560	0
23565	0
23570	0
23575	0
23580	0
23585	0
23590	0
23595	1
23600	0
23605	0
23610	0
23615	1
23620	1
23625	1
23630	0
23635	0
23640	0
23645	0
23650	0
23655	0
23660	0
23665	0
23670	0
23675	0
23680	0
23685	0
23690	0
23695	0
23700	0
23705	0
23710	0
23715	0
23720	0
23725	0
23730	0
23735	0
23740	1
23745	1
23750	1
23755	1
23760	1
23765	1
23770	1
23775	1
23780	1
23785	1
23790	1
23795	1
23800	1
23805	1
23810	1
23815	1
23820	1
23825	1
23830	1
23835	1
23840	1
23845	1
23850	1
23855	1
23860	1
23865	1
23870	1
23875	2
23880	2
23885	2
23890	2
23895	1
23900	1
23905	1
23910	1
23915	1
23920	1
23925	1
23930	1
23935	1
23940	1
23945	1
23950	1
23955	1
23960	1
23965	1
23970	1
23975	1
23980	1
23985	1
23990	1
23995	1
24000	1
24005	1
24010	1
24015	1
24020	1
24025	1
24030	1
24035	1
24040	1
24045	1
24050	1
24055	1
24060	1
24065	1
24070	1
24075	1
24080	1
24085	1
24090	1
24095	1
24100	1
24105	1
24110	1
24115	1
24120	1
24125	1
24130	1
24135	1
24140	1
24145	1
24150	1
24155	1
24160	1
24165	1
24170	1
24175	1
24180	1
24185	1
24190	1
24195	1
24200	1
24205	1
24210	1
24215	1
24220	2
24225	2
24230	1
24235	1
24240	2
24245	2
24250	1
24255	1
24260	1
24265	1
24270	1
24275	1
24280	1
24285	1
24290	1
24295	1
24300	1
24305	1
24310	1
24315	1
24320	1
24325	1
24330	1
24335	1
24340	1
24345	1
24350	1
24355	1
24360	1
24365	1
24370	1
24375	1
24380	1
24385	1
24390	1
24395	0
24400	0
24405	0
24410	0
24415	0
24420	0
24425	0
24430	0
24435	0
24440	0
24445	0
24450	0
24455	0
24460	0
24465	0
24470	0
24475	0
24480	0
24485	0
24490	0
24495	0
24500	0
24505	0
24510	0
24515	0
24520	0
24525	0
24530	0
24535	0
24540	0
24545	0
24550	0
24555	0
24560	0
24565	0
24570	0
24575	0
24580	0
24585	0
24590	0
24595	0
24600	0
24605	0
24610	0
24615	0
24620	0
24625	0
24630	0
24635	0
24640	0
24645	0
24650	0
24655	0
24660	0
24665	0
24670	0
24675	0
24680	0
24685	0
24690	0
24695	0
24700	0
24705	0
24710	0
24715	0
24720	1
24725	1
24730	1
24735	1
24740	1
24745	1
24750	1
24755	1
24760	1
24765	1
24770	1
24775	1
24780	1
24785	1
24790	1
24795	1
24800	1
24805	1
24810	1
24815	1
24820	1
24825	1
24830	2
24835	1
24840	1
24845	1
24850	1
24855	1
24860	0
24865	0
24870	0
24875	0
24880	0
24885	0
24890	0
24895	0
24900	0
24905	0
24910	0
24915	0
24920	1
24925	1
24930	0
24935	0
24940	0
24945	0
24950	0
24955	0
24960	0
24965	0
24970	0
24975	0
24980	0
24985	0
24990	0
24995	0
25000	0
25005	0
25010	0
25015	0
25020	0
25025	0
25030	0
25035	0
25040	0
25045	0
25050	0
25055	0
25060	0
25065	0
25070	0
25075	0
25080	0
25085	0
25090	0
25095	0
25100	0
25105	0
25110	0
25115	0
25120	0
25125	0
25130	0
25135	0
25140	0
25145	0
25150	0
25155	0
25160	0
25165	0
25170	0
25175	0
25180	0
25185	0
25190	0
25195	0
25200	0
25205	0
25210	0
25215	0
25220	0
25225	0
25230	0
25235	0
25240	0
25245	0
25250	0
25255	0
25260	0
25265	0
25270	0
25275	0
25280	0
25285	0
25290	0
25295	0
25300	0
25305	0
25310	0
25315	0
25320	0
25325	0
25330	0
25335	0
25340	0
25345	0
25350	0
25355	0
25360	0
25365	0
25370	0
25375	0
25380	0
25385	0
25390	0
25395	0
25400	0
25405	0
25410	0
25415	0
25420	0
25425	0
25430	0
25435	0
25440	0
25445	0
25450	0
25455	0
25460	0
25465	0
25470	0
25475	0
25480	0
25485	0
25490	0
25495	0
25500	0
25505	0
25510	0
25515	0
25520	0
25525	0
25530	0
25535	0
25540	0
25545	0
25550	0
25555	0
25560	0
25565	0
25570	0
25575	0
25580	0
25585	0
25590	0
25595	0
25600	0
25605	0
25610	0
25615	0
25620	0
25625	0
25630	0
25635	0
25640	0
25645	0
25650	0
25655	0
25660	0
25665	0
25670	0
25675	0
25680	0
25685	0
25690	0
25695	0
25700	0
25705	0
25710	0
25715	0
25720	0
25725	0
25730	0
25735	0
25740	0
25745	0
25750	0
25755	0
25760	0
25765	0
25770	0
25775	0
25780	0
25785	0
25790	0
25795	0
25800	0
25805	0
25810	0
25815	0
25820	0
25825	0
25830	0
25835	0
25840	0
25845	0
25850	0
25855	0
25860	0
25865	0
25870	0
25875	0
25880	0
25885	0
25890	0
25895	0
25900	0
25905	0
25910	0
25915	0
25920	0
25925	0
25930	0
25935	0
25940	0
25945	0
25950	0
25955	0
25960	0
25965	0
25970	0
25975	0
25980	0
25985	0
25990	0
25995	0
26000	0
26005	1
26010	1
26015	1
26020	1
26025	1
26030	1
26035	1
26040	1
26045	1
26050	1
26055	1
26060	0
26065	0
26070	0
26075	0
26080	0
26085	0
26090	0
26095	0
26100	0
26105	0
26110	0
26115	0
26120	0
26125	0
26130	0
26135	0
26140	0
26145	0
26150	0
26155	0
26160	0
26165	0
26170	0
26175	0
26180	0
26185	0
26190	0
26195	0
26200	0
26205	0
26210	0
26215	0
26220	0
26225	0
26230	0
26235	0
26240	0
26245	0
26250	0
26255	0
26260	0
26265	0
26270	0
26275	0
26280	0
26285	0
26290	0
26295	0
26300	0
26305	0
26310	0
26315	0
26320	0
26325	1
26330	1
26335	1
26340	1
26345	1
26350	1
26355	1
26360	0
26365	0
26370	0
26375	0
26380	0
26385	0
26390	0
26395	0
26400	0
26405	0
26410	0
26415	0
26420	0
26425	0
26430	0
26435	0
26440	0
26445	0
26450	0
26455	0
26460	0
26465	0
26470	0
26475	0
26480	0
26485	0
26490	0
26495	0
26500	0
26505	0
26510	0
26515	0
26520	0
26525	0
26530	0
26535	0
26540	0
26545	0
26550	0
26555	0
26560	0
26565	0
26570	0
26575	0
26580	0
26585	0
26590	0
26595	0
26600	0
26605	0
26610	0
26615	0
26620	0
26625	0
26630	1
26635	1
26640	1
26645	1
26650	1
26655	1
26660	1
26665	1
26670	0
26675	0
26680	0
26685	0
26690	0
26695	0
26700	0
26705	0
26710	0
26715	0
26720	0
26725	0
26730	0
26735	0
26740	0
26745	0
26750	0
26755	0
26760	0
26765	0
26770	0
26775	0
26780	0
26785	0
26790	0
26795	0
26800	0
26805	0
26810	0
26815	0
26820	0
26825	0
26830	0
26835	0
26840	0
26845	0
26850	0
26855	0
26860	0
26865	0
26870	0
26875	0
26880	0
26885	0
26890	0
26895	0
26900	0
26905	0
26910	0
26915	0
26920	0
26925	0
26930	0
26935	0
26940	1
26945	1
26950	1
26955	1
26960	1
26965	1
26970	1
26975	1
26980	1
26985	0
26990	0
26995	0
27000	0
27005	0
27010	0
27015	0
27020	1
27025	1
27030	1
27035	1
27040	1
27045	2
27050	2
27055	1
27060	1
27065	1
27070	1
27075	1
27080	1
27085	1
27090	1
27095	1
27100	1
27105	1
27110	1
27115	1
27120	1
27125	1
27130	1
27135	1
27140	1
27145	1
27150	1
27155	1
27160	1
27165	1
27170	1
27175	1
27180	1
27185	1
27190	1
27195	1
27200	1
27205	1
27210	1
27215	1
27220	1
27225	1
27230	1
27235	1
27240	1
27245	1
27250	1
27255	1
27260	1
27265	1
27270	1
27275	1
27280	1
27285	1
27290	1
27295	1
27300	1
27305	1
27310	1
27315	1
27320	1
27325	1
27330	1
27335	1
27340	1
27345	1
27350	1
27355	1
27360	1
27365	1
27370	1
27375	1
27380	1
27385	1
27390	1
27395	1
27400	1
27405	2
27410	2
27415	2
27420	2
27425	2
27430	1
27435	1
27440	1
27445	1
27450	1
27455	1
27460	1
27465	1
27470	1
27475	1
27480	1
27485	1
27490	1
27495	1
27500	1
27505	1
27510	1
27515	1
27520	1
27525	2
27530	2
27535	2
27540	2
27545	1
27550	1
27555	1
27560	1
27565	1
27570	1
27575	1
27580	1
27585	1
27590	1
27595	1
27600	1
27605	1
27610	1
27615	1
27620	1
27625	1
27630	1
27635	1
27640	1
27645	1
27650	1
27655	1
27660	1
27665	1
27670	1
27675	1
27680	1
27685	0
27690	0
27695	0
27700	0
27705	0
27710	0
27715	0
27720	0
27725	0
27730	0
27735	0
27740	0
27745	0
27750	0
27755	0
27760	0
27765	0
27770	1
27775	0
27780	0
27785	0
27790	0
27795	0
27800	0
27805	0
27810	0
27815	0
27820	0
27825	0
27830	0
27835	0
27840	0
27845	0
27850	0
27855	0
27860	0
27865	0
27870	0
27875	0
27880	0
27885	0
27890	0
27895	0
27900	0
27905	0
27910	0
27915	0
27920	0
27925	0
27930	0
27935	0
27940	0
27945	0
27950	0
27955	0
27960	0
27965	0
27970	1
27975	1
27980	1
27985	1
27990	1
27995	2
28000	2
28005	2
28010	1
28015	1
28020	1
28025	1
28030	1
28035	1
28040	1
28045	1
28050	1
28055	1
28060	1
28065	1
28070	2
28075	2
28080	2
28085	2
28090	1
28095	1
28100	1
28105	1
28110	1
28115	1
28120	1
28125	2
28130	2
28135	2
28140	1
28145	1
28150	1
28155	1
28160	1
28165	1
28170	1
28175	1
28180	1
28185	1
28190	1
28195	1
28200	2
28205	2
28210	2
28215	2
28220	3
28225	3
28230	3
28235	2
28240	2
28245	2
28250	2
28255	2
28260	2
28265	2
28270	1
28275	1
28280	1
28285	1
28290	1
28295	1
28300	1
28305	1
28310	1
28315	1
28320	1
28325	1
28330	1
28335	1
28340	1
28345	1
28350	1
28355	1
28360	1
28365	1
28370	1
28375	1
28380	1
28385	1
28390	1
28395	1
28400	1
28405	1
28410	1
28415	1
28420	1
28425	1
28430	1
28435	1
28440	1
28445	1
28450	1
28455	2
28460	1
28465	1
28470	1
28475	1
28480	1
28485	1
28490	1
28495	1
28500	1
28505	1
28510	1
28515	1
28520	1
28525	1
28530	1
28535	1
28540	1
28545	1
28550	1
28555	1
28560	1
28565	1
28570	1
28575	1
28580	1
28585	1
28590	1
28595	1
28600	1
28605	1
28610	1
28615	0
28620	0
28625	0
28630	1
28635	1
28640	1
28645	1
28650	1
28655	2
28660	2
28665	1
28670	1
28675	1
28680	1
28685	1
28690	1
28695	1
28700	1
28705	1
28710	1
28715	1
28720	1
28725	1
28730	1
28735	1
28740	1
28745	1
28750	1
28755	1
28760	1
28765	1
28770	2
28775	2
28780	1
28785	1
28790	1
28795	1
28800	1
28805	1
28810	1
28815	1
28820	1
28825	1
28830	1
28835	1
28840	1
28845	1
28850	1
28855	1
28860	1
28865	1
28870	2
28875	1
28880	1
28885	1
28890	1
28895	1
28900	1
28905	1
28910	1
28915	1
28920	1
28925	1
28930	1
28935	1
28940	1
28945	1
28950	1
28955	1
28960	1
28965	1
28970	1
28975	1
28980	1
28985	1
28990	1
28995	1
29000	1
29005	1
29010	1
29015	1
29020	1
29025	1
29030	1
29035	1
29040	1
29045	1
29050	1
29055	1
29060	1
29065	2
29070	2
29075	2
29080	2
29085	1
29090	1
29095	1
29100	1
29105	1
29110	1
29115	1
29120	1
29125	1
29130	1
29135	1
29140	1
29145	1
29150	1
29155	1
29160	1
29165	1
29170	1
29175	1
29180	1
29185	1
29190	1
29195	1
29200	1
29205	0
29210	0
29215	0
29220	0
29225	0
29230	0
29235	0
29240	0
29245	0
29250	0
29255	0
29260	0
29265	0
29270	0
29275	0
29280	0
29285	0
29290	0
29295	0
29300	0
29305	0
29310	0
29315	0
29320	0
29325	0
29330	0
29335	0
29340	0
29345	0
29350	0
29355	0
29360	0
29365	0
29370	0
29375	1
29380	1
29385	1
29390	1
29395	1
29400	1
29405	1
29410	1
29415	1
29420	1
29425	1
29430	1
29435	1
29440	1
29445	1
29450	1
29455	1
29460	1
29465	1
29470	1
29475	1
29480	1
29485	1
29490	1
29495	1
29500	1
29505	1
29510	1
29515	1
29520	1
29525	1
29530	1
29535	1
29540	1
29545	1
29550	1
29555	1
29560	1
29565	1
29570	1
29575	1
29580	1
29585	1
29590	1
29595	1
29600	1
29605	1
29610	1
29615	1
29620	1
29625	1
29630	1
29635	1
29640	1
29645	1
29650	1
29655	1
29660	1
29665	1
29670	1
29675	1
29680	1
29685	1
29690	1
29695	1
29700	1
29705	1
29710	1
29715	1
29720	1
29725	1
29730	1
29735	1
29740	1
29745	1
29750	1
29755	1
29760	1
29765	1
29770	1
29775	1
29780	1
29785	1
29790	1
29795	1
29800	1
29805	1
29810	1
29815	1
29820	1
29825	1
29830	1
29835	1
29840	1
29845	1
29850	1
29855	1
29860	1
29865	1
29870	1
29875	1
29880	1
29885	1
29890	1
29895	1
29900	1
29905	1
29910	1
29915	1
29920	1
29925	1
29930	1
29935	1
29940	1
29945	1
29950	1
29955	1
29960	1
29965	1
29970	1
29975	1
29980	1
29985	1
29990	1
29995	1
30000	1
30005	1
30010	1
30015	1
30020	1
30025	1
30030	1
30035	1
30040	1
30045	2
30050	2
30055	2
30060	2
30065	1
30070	1
30075	1
30080	1
30085	1
30090	1
30095	1
30100	1
30105	1
30110	1
30115	1
30120	1
30125	1
30130	1
30135	1
30140	1
30145	1
30150	1
30155	1
30160	1
30165	1
30170	1
30175	1
30180	1
30185	1
30190	1
30195	1
30200	1
30205	1
30210	1
30215	1
30220	1
30225	1
30230	1
30235	1
30240	1
30245	1
30250	1
30255	1
30260	1
30265	1
30270	1
30275	1
30280	1
30285	1
30290	1
30295	1
30300	1
30305	1
30310	1
30315	2
30320	3
30325	2
30330	2
30335	2
30340	3
30345	2
30350	2
30355	2
30360	2
30365	2
30370	2
30375	2
30380	2
30385	2
30390	1
30395	1
30400	1
30405	1
30410	1
30415	1
30420	1
30425	1
30430	1
30435	1
30440	1
30445	1
30450	1
30455	1
30460	1
30465	1
30470	1
30475	1
30480	1
30485	1
30490	1
30495	1
30500	1
30505	1
30510	1
30515	1
30520	1
30525	1
30530	1
30535	1
30540	1
30545	1
30550	1
30555	1
30560	1
30565	1
30570	1
30575	1
30580	1
30585	1
30590	1
30595	2
30600	2
30605	2
30610	1
30615	0
30620	0
30625	0
30630	0
30635	0
30640	0
30645	0
30650	0
30655	0
30660	0
30665	0
30670	0
30675	0
30680	0
30685	0
30690	0
30695	0
30700	0
30705	0
30710	0
30715	0
30720	0
30725	1
30730	1
30735	1
30740	1
30745	1
30750	1
30755	0
30760	0
30765	0
30770	0
30775	0
30780	0
30785	0
30790	0
30795	0
30800	0
30805	0
30810	0
30815	0
30820	0
30825	0
30830	0
30835	0
30840	0
30845	0
30850	1
30855	1
30860	0
30865	0
30870	0
30875	0
30880	0
30885	0
30890	0
30895	0
30900	0
30905	0
30910	0
30915	0
30920	0
30925	0
30930	0
30935	0
30940	0
30945	0
30950	0
30955	0
30960	0
30965	0
30970	0
30975	0
30980	0
30985	0
30990	0
30995	0
31000	0
31005	0
31010	0
31015	0
31020	0
31025	0
31030	0
31035	0
31040	0
31045	0
31050	0
31055	0
31060	0
31065	0
31070	0
31075	0
31080	0
31085	0
31090	0
31095	0
31100	0
31105	0
31110	0
31115	0
31120	0
31125	0
31130	0
31135	0
31140	0
31145	0
31150	0
31155	0
31160	0
31165	0
31170	0
31175	0
31180	0
31185	0
31190	1
31195	1
31200	1
31205	0
31210	0
31215	0
31220	0
31225	0
31230	0
31235	0
31240	0
31245	0
31250	0
31255	0
31260	0
31265	0
31270	0
31275	0
31280	0
31285	0
31290	0
31295	0
31300	0
31305	0
31310	0
31315	0
31320	0
31325	0
31330	0
31335	0
31340	0
31345	0
31350	0
31355	0
31360	0
31365	0
31370	0
31375	0
31380	0
31385	0
31390	0
31395	0
31400	0
31405	0
31410	0
31415	0
31420	0
31425	0
31430	0
31435	0
31440	0
31445	0
31450	0
31455	0
31460	0
31465	0
31470	0
31475	0
31480	0
31485	1
31490	1
31495	0
31500	0
31505	0
31510	0
31515	0
31520	0
31525	0
31530	0
31535	0
31540	0
31545	0
31550	0
31555	0
31560	0
31565	0
31570	0
31575	0
31580	0
31585	0
31590	0
31595	0
31600	0
31605	0
31610	0
31615	0
31620	0
31625	1
31630	1
31635	1
31640	1
31645	0
31650	0
31655	0
31660	0
31665	0
31670	0
31675	0
31680	0
31685	0
31690	0
31695	0
31700	0
31705	0
31710	0
31715	0
31720	0
31725	0
31730	0
31735	0
31740	0
31745	0
31750	0
31755	0
31760	0
31765	0
31770	0
31775	0
31780	0
31785	0
31790	0
31795	0
31800	0
31805	0
31810	0
31815	0
31820	0
31825	0
31830	0
31835	0
31840	0
31845	0
31850	0
31855	0
31860	0
31865	0
31870	0
31875	0
31880	0
31885	0
31890	0
31895	0
31900	0
31905	0
31910	0
31915	0
31920	0
31925	0
31930	0
31935	0
31940	0
31945	0
31950	0
31955	0
31960	0
31965	0
31970	0
31975	0
31980	0
31985	0
31990	0
31995	0
32000	0
32005	0
32010	0
32015	0
32020	0
32025	0
32030	0
32035	0
32040	0
32045	0
32050	0
32055	0
32060	0
32065	0
32070	0
32075	0
32080	0
32085	0
32090	0
32095	0
32100	0
32105	0
32110	0
32115	0
32120	0
32125	0
32130	0
32135	0
32140	0
32145	0
32150	0
32155	0
32160	0
32165	0
32170	0
32175	0
32180	0
32185	0
32190	0
32195	0
32200	0
32205	0
32210	0
32215	0
32220	0
32225	0
32230	0
32235	0
32240	0
32245	0
32250	0
32255	0
32260	0
32265	0
32270	0
32275	1
32280	1
32285	1
32290	1
32295	1
32300	1
32305	1
32310	1
32315	1
32320	1
32325	1
32330	1
32335	1
32340	1
32345	1
32350	1
32355	1
32360	1
32365	1
32370	1
32375	1
32380	1
32385	2
32390	2
32395	2
32400	2
32405	2
32410	2
32415	1
32420	1
32425	1
32430	1
32435	1
32440	1
32445	1
32450	1
32455	1
32460	1
32465	1
32470	1
32475	1
32480	1
32485	1
32490	1
32495	1
32500	1
32505	1
32510	1
32515	1
32520	1
32525	1
32530	1
32535	1
32540	1
32545	1
32550	1
32555	1
32560	1
32565	2
32570	2
32575	2
32580	2
32585	1
32590	1
32595	1
32600	1
32605	1
32610	1
32615	1
32620	1
32625	1
32630	1
32635	1
32640	1
32645	1
32650	1
32655	1
32660	1
32665	1
32670	1
32675	1
32680	1
32685	1
32690	1
32695	1
32700	1
32705	1
32710	1
32715	1
32720	1
32725	1
32730	1
32735	1
32740	1
32745	1
32750	1
32755	1
32760	1
32765	1
32770	1
32775	1
32780	1
32785	1
32790	1
32795	1
32800	1
32805	1
32810	1
32815	1
32820	0
32825	0
32830	0
32835	0
32840	0
32845	0
32850	0
32855	0
32860	0
32865	0
32870	0
32875	0
32880	0
32885	0
32890	0
32895	0
32900	0
32905	0
32910	0
32915	0
32920	0
32925	0
32930	0
32935	0
32940	0
32945	0
32950	1
32955	1
32960	1
32965	1
32970	1
32975	1
32980	1
32985	1
32990	1
32995	2
33000	2
33005	1
33010	1
33015	1
33020	1
33025	1
33030	1
33035	1
33040	1
33045	1
33050	1
33055	1
33060	0
33065	0
33070	0
33075	0
33080	0
33085	0
33090	0
33095	0
33100	0
33105	0
33110	0
33115	0
33120	0
33125	0
33130	0
33135	0
33140	0
33145	0
33150	0
33155	0
33160	0
33165	0
33170	0
33175	0
33180	0
33185	0
33190	0
33195	0
33200	0
33205	0
33210	0
33215	0
33220	0
33225	0
33230	0
33235	1
33240	1
33245	0
33250	0
33255	0
33260	0
33265	0
33270	0
33275	0
33280	0
33285	0
33290	0
33295	1
33300	1
33305	1
33310	1
33315	1
33320	1
33325	1
33330	1
33335	1
33340	1
33345	1
33350	1
33355	1
33360	1
33365	1
33370	1
33375	1
33380	1
33385	1
33390	1
33395	1
33400	1
33405	1
33410	1
33415	1
33420	1
33425	1
33430	1
33435	1
33440	1
33445	1
33450	1
33455	1
33460	1
33465	1
33470	1
33475	1
33480	1
33485	1
33490	1
33495	1
33500	1
33505	1
33510	1
33515	1
33520	1
33525	1
33530	1
33535	1
33540	1
33545	1
33550	1
33555	1
33560	1
33565	1
33570	1
33575	1
33580	1
33585	1
33590	1
33595	1
33600	1
33605	1
33610	1
33615	1
33620	1
33625	1
33630	1
33635	1
33640	1
33645	1
33650	1
33655	1
33660	1
33665	1
33670	1
33675	1
33680	1
33685	1
33690	1
33695	1
33700	1
33705	1
33710	1
33715	1
33720	1
33725	1
33730	1
33735	1
33740	1
33745	1
33750	1
33755	2
33760	2
33765	2
33770	2
33775	2
33780	2
33785	2
33790	1
33795	1
33800	1
33805	1
33810	1
33815	2
33820	2
33825	1
33830	1
33835	1
33840	1
33845	1
33850	1
33855	1
33860	1
33865	1
33870	1
33875	1
33880	1
33885	1
33890	1
33895	1
33900	1
33905	1
33910	1
33915	1
33920	1
33925	1
33930	1
33935	1
33940	1
33945	1
33950	1
33955	1
33960	1
33965	1
33970	1
33975	1
33980	1
33985	1
33990	1
33995	1
34000	1
34005	1
34010	1
34015	1
34020	1
34025	1
34030	1
34035	1
34040	1
34045	1
34050	1
34055	1
34060	1
34065	1
34070	1
34075	1
34080	1
34085	1
34090	1
34095	1
34100	1
34105	1
34110	1
34115	1
34120	1
34125	1
34130	1
34135	1
34140	1
34145	1
34150	1
34155	1
34160	1
34165	1
34170	1
34175	1
34180	1
34185	1
34190	1
34195	1
34200	1
34205	1
34210	1
34215	1
34220	1
34225	1
34230	1
34235	1
34240	1
34245	1
34250	1
34255	1
34260	1
34265	1
34270	1
34275	1
34280	1
34285	1
34290	1
34295	1
34300	1
34305	1
34310	1
34315	1
34320	1
34325	1
34330	1
34335	1
34340	1
34345	1
34350	1
34355	1
34360	1
34365	1
34370	1
34375	1
34380	1
34385	1
34390	1
34395	1
34400	1
34405	1
34410	1
34415	1
34420	1
34425	1
34430	1
34435	1
34440	1
34445	1
34450	1
34455	1
34460	1
34465	1
34470	1
34475	1
34480	1
34485	1
34490	1
34495	2
34500	2
34505	2
34510	2
34515	2
34520	2
34525	2
34530	0
34535	0
34540	0
34545	0
34550	0
34555	1
34560	1
34565	0
34570	0
34575	0
34580	0
34585	0
34590	0
34595	0
34600	0
34605	0
34610	0
34615	0
34620	0
34625	0
34630	0
34635	0
34640	0
34645	0
34650	0
34655	0
34660	0
34665	0
34670	0
34675	0
34680	0
34685	0
34690	0
34695	0
34700	0
34705	0
34710	0
34715	0
34720	0
34725	0
34730	0
34735	0
34740	0
34745	0
34750	0
34755	0
34760	0
34765	0
34770	0
34775	0
34780	0
34785	0
34790	0
34795	0
34800	0
34805	0
34810	0
34815	0
34820	0
34825	0
34830	0
34835	0
34840	0
34845	0
34850	0
34855	0
34860	0
34865	0
34870	0
34875	0
34880	0
34885	0
34890	0
34895	0
34900	0
34905	0
34910	0
34915	0
34920	0
34925	0
34930	0
34935	1
34940	1
34945	0
34950	0
34955	0
34960	1
34965	1
34970	1
34975	1
34980	1
34985	1
34990	1
34995	1
35000	1
35005	1
35010	1
35015	1
35020	1
35025	1
35030	1
35035	1
35040	1
35045	1
35050	1
35055	1
35060	1
35065	1
35070	1
35075	1
35080	1
35085	1
35090	1
35095	1
35100	1
35105	1
35110	1
35115	1
35120	1
35125	1
35130	1
35135	1
35140	1
35145	1
35150	1
35155	1
35160	2
35165	2
35170	2
35175	2
35180	2
35185	2
35190	1
35195	1
35200	1
35205	1
35210	1
35215	1
35220	1
35225	1
35230	1
35235	1
35240	1
35245	1
35250	1
35255	1
35260	1
35265	1
35270	1
35275	1
35280	1
35285	1
35290	1
35295	1
35300	1
35305	1
35310	1
35315	2
35320	2
35325	2
35330	2
35335	2
35340	2
35345	2
35350	1
35355	1
35360	1
35365	1
35370	1
35375	1
35380	1
35385	1
35390	1
35395	1
35400	1
35405	2
35410	2
35415	3
35420	2
35425	2
35430	2
35435	2
35440	2
35445	2
35450	2
35455	2
35460	2
35465	2
35470	2
35475	2
35480	2
35485	2
35490	1
35495	1
35500	1
35505	1
35510	1
35515	1
35520	0
35525	0
35530	0
35535	0
35540	0
35545	0
35550	0
35555	0
35560	0
35565	0
35570	0
35575	0
35580	0
35585	0
35590	0
35595	0
35600	0
35605	0
35610	0
35615	0
35620	0
35625	0
35630	0
35635	0
35640	0
35645	0
35650	0
35655	0
35660	0
35665	0
35670	0
35675	0
35680	0
35685	0
35690	1
35695	1
35700	1
35705	1
35710	0
35715	0
35720	0
35725	2
35730	2
35735	2
35740	2
35745	1
35750	1
35755	1
35760	1
35765	1
35770	1
35775	1
35780	1
35785	1
35790	1
35795	1
35800	1
35805	1
35810	1
35815	1
35820	1
35825	1
35830	1
35835	1
35840	1
35845	1
35850	1
35855	1
35860	1
35865	1
35870	1
35875	1
35880	1
35885	1
35890	1
35895	1
35900	1
35905	1
35910	1
35915	1
35920	1
35925	1
35930	1
35935	1
35940	1
35945	1
35950	1
35955	1
35960	1
35965	1
35970	1
35975	1
35980	1
35985	1
35990	1
35995	1
36000	1
36005	1
36010	1
36015	1
36020	1
36025	1
36030	1
36035	1
36040	1
36045	1
36050	1
36055	1
36060	1
36065	1
36070	1
36075	1
36080	1
36085	1
36090	1
36095	1
36100	1
36105	1
36110	1
36115	1
36120	1
36125	1
36130	1
36135	1
36140	1
36145	1
36150	1
36155	1
36160	2
36165	2
36170	1
36175	1
36180	1
36185	1
36190	1
36195	1
36200	1
36205	1
36210	1
36215	1
36220	1
36225	1
36230	1
36235	1
36240	0
36245	0
36250	0
36255	0
36260	0
36265	0
36270	0
36275	0
36280	0
36285	0
36290	0
36295	0
36300	0
36305	0
36310	0
36315	0
36320	0
36325	1
36330	1
36335	1
36340	1
36345	0
36350	0
36355	0
36360	0
36365	0
36370	0
36375	0
36380	0
36385	0
36390	0
36395	0
36400	0
36405	0
36410	0
36415	0
36420	0
36425	0
36430	0
36435	0
36440	0
36445	0
36450	0
36455	1
36460	1
36465	1
36470	1
36475	1
36480	1
36485	1
36490	2
36495	1
36500	1
36505	1
36510	1
36515	1
36520	1
36525	1
36530	1
36535	1
36540	1
36545	1
36550	1
36555	1
36560	1
36565	1
36570	1
36575	1
36580	1
36585	1
36590	1
36595	1
36600	1
36605	1
36610	1
36615	1
36620	1
36625	1
36630	1
36635	1
36640	1
36645	2
36650	2
36655	2
36660	1
36665	1
36670	1
36675	2
36680	1
36685	1
36690	1
36695	1
36700	1
36705	2
36710	2
36715	2
36720	2
36725	2
36730	2
36735	2
36740	2
36745	3
36750	3
36755	3
36760	3
36765	3
36770	3
36775	3
36780	3
36785	3
36790	3
36795	3
36800	3
36805	3
36810	3
36815	3
36820	3
36825	3
36830	3
36835	3
36840	3
36845	3
36850	3
36855	3
36860	3
36865	3
36870	3
36875	3
36880	3
36885	3
36890	3
36895	3
36900	3
36905	3
36910	3
36915	3
36920	3
36925	3
36930	3
36935	3
36940	3
36945	3
36950	3
36955	3
36960	3
36965	3
36970	3
36975	4
36980	4
36985	4
36990	4
36995	4
37000	4
37005	4
37010	3
37015	3
37020	3
37025	3
37030	3
37035	3
37040	3
37045	3
37050	3
37055	3
37060	3
37065	3
37070	3
37075	3
37080	3
37085	3
37090	3
37095	3
37100	3
37105	3
37110	3
37115	3
37120	3
37125	3
37130	2
37135	2
37140	2
37145	2
37150	2
37155	2
37160	2
37165	2
37170	2
37175	2
37180	2
37185	2
37190	2
37195	2
37200	3
37205	2
37210	2
37215	2
37220	2
37225	2
37230	2
37235	2
37240	2
37245	2
37250	2
37255	2
37260	2
37265	2
37270	2
37275	2
37280	2
37285	2
37290	2
37295	2
37300	2
37305	1
37310	1
37315	1
37320	1
37325	1
37330	1
37335	1
37340	1
37345	1
37350	1
37355	1
37360	1
37365	1
37370	1
37375	1
37380	1
37385	1
37390	1
37395	1
37400	1
37405	1
37410	1
37415	1
37420	1
37425	1
37430	1
37435	1
37440	1
37445	1
37450	1
37455	1
37460	1
37465	1
37470	1
37475	1
37480	1
37485	1
37490	1
37495	1
37500	1
37505	1
37510	1
37515	1
37520	1
37525	1
37530	1
37535	1
37540	1
37545	1
37550	1
37555	1
37560	1
37565	1
37570	1
37575	1
37580	1
37585	1
37590	1
37595	1
37600	2
37605	2
37610	1
37615	1
37620	1
37625	1
37630	1
37635	0
37640	0
37645	0
37650	0
37655	0
37660	0
37665	0
37670	0
37675	0
37680	0
37685	0
37690	0
37695	0
37700	0
37705	0
37710	0
37715	0
37720	0
37725	0
37730	0
37735	0
37740	0
37745	0
37750	0
37755	1
37760	1
37765	0
37770	0
37775	0
37780	0
37785	0
37790	0
37795	1
37800	0
37805	0
37810	0
37815	0
37820	0
37825	0
37830	0
37835	0
37840	0
37845	0
37850	0
37855	1
37860	1
37865	0
37870	0
37875	1
37880	1
37885	0
37890	0
37895	0
37900	0
37905	0
37910	0
37915	0
37920	0
37925	0
37930	0
37935	0
37940	0
37945	0
37950	0
37955	0
37960	0
37965	0
37970	0
37975	0
37980	0
37985	0
37990	0
37995	0
38000	0
38005	0
38010	1
38015	1
38020	0
38025	0
38030	0
38035	0
38040	0
38045	0
38050	0
38055	0
38060	0
38065	0
38070	0
38075	0
38080	0
38085	0
38090	0
38095	0
38100	0
38105	0
38110	0
38115	0
38120	0
38125	0
38130	0
38135	0
38140	0
38145	0
38150	0
38155	0
38160	0
38165	0
38170	0
38175	0
38180	0
38185	0
38190	0
38195	0
38200	0
38205	0
38210	0
38215	0
38220	1
38225	0
38230	0
38235	0
38240	0
38245	0
38250	0
38255	0
38260	0
38265	0
38270	0
38275	0
38280	1
38285	1
38290	1
38295	1
38300	1
38305	1
38310	1
38315	1
38320	1
38325	1
38330	1
38335	1
38340	1
38345	1
38350	1
38355	1
38360	1
38365	2
38370	1
38375	1
38380	1
38385	1
38390	1
38395	1
38400	1
38405	1
38410	1
38415	1
38420	1
38425	1
38430	1
38435	1
38440	1
38445	1
38450	1
38455	1
38460	1
38465	1
38470	1
38475	0
38480	0
38485	0
38490	0
38495	0
38500	0
38505	0
38510	1
38515	1
38520	1
38525	1
38530	1
38535	1
38540	1
38545	1
38550	0
38555	0
38560	0
38565	0
38570	0
38575	0
38580	0
38585	0
38590	0
38595	0
38600	0
38605	0
38610	0
38615	0
38620	0
38625	0
38630	0
38635	0
38640	0
38645	0
38650	0
38655	0
38660	0
38665	0
38670	0
38675	0
38680	0
38685	0
38690	0
38695	0
38700	0
38705	0
38710	0
38715	0
38720	0
38725	0
38730	0
38735	0
38740	0
38745	0
38750	0
38755	0
38760	0
38765	0
38770	0
38775	0
38780	0
38785	0
38790	1
38795	1
38800	1
38805	1
38810	1
38815	1
38820	1
38825	1
38830	1
38835	1
38840	1
38845	1
38850	1
38855	1
38860	1
38865	1
38870	0
38875	0
38880	0
38885	0
38890	0
38895	0
38900	0
38905	0
38910	0
38915	0
38920	0
38925	0
38930	0
38935	0
38940	0
38945	0
38950	0
38955	0
38960	0
38965	0
38970	0
38975	0
38980	0
38985	0
38990	0
38995	0
39000	0
39005	0
39010	0
39015	0
39020	0
39025	0
39030	0
39035	0
39040	0
39045	0
39050	0
39055	0
39060	0
39065	0
39070	0
39075	0
39080	0
39085	0
39090	0
39095	1
39100	1
39105	1
39110	1
39115	1
39120	1
39125	2
39130	2
39135	1
39140	1
39145	1
39150	1
39155	1
39160	1
39165	1
39170	1
39175	1
39180	1
39185	1
39190	1
39195	1
39200	1
39205	1
39210	2
39215	2
39220	2
39225	2
39230	1
39235	1
39240	2
39245	2
39250	2
39255	1
39260	1
39265	1
39270	1
39275	1
39280	1
39285	1
39290	1
39295	1
39300	1
39305	1
39310	1
39315	1
39320	1
39325	1
39330	1
39335	1
39340	1
39345	1
39350	1
39355	1
39360	2
39365	2
39370	2
39375	2
39380	2
39385	2
39390	2
39395	2
39400	2
39405	2
39410	2
39415	2
39420	1
39425	1
39430	1
39435	1
39440	1
39445	1
39450	1
39455	1
39460	1
39465	1
39470	1
39475	1
39480	1
39485	1
39490	1
39495	1
39500	1
39505	1
39510	1
39515	1
39520	1
39525	2
39530	2
39535	1
39540	1
39545	1
39550	1
39555	1
39560	1
39565	1
39570	1
39575	1
39580	1
39585	1
39590	1
39595	1
39600	1
39605	1
39610	1
39615	0
39620	0
39625	0
39630	0
39635	0
39640	0
39645	0
39650	0
39655	0
39660	0
39665	0
39670	0
39675	0
39680	0
39685	0
39690	0
39695	0
39700	0
39705	0
39710	0
39715	0
39720	0
39725	0
39730	0
39735	0
39740	0
39745	0
39750	0
39755	0
39760	0
39765	0
39770	0
39775	0
39780	0
39785	0
39790	0
39795	0
39800	0
39805	0
39810	0
39815	0
39820	0
39825	0
39830	0
39835	0
39840	0
39845	0
39850	0
39855	0
39860	0
39865	0
39870	0
39875	0
39880	0
39885	0
39890	0
39895	0
39900	0
39905	0
39910	0
39915	0
39920	0
39925	0
39930	0
39935	0
39940	0
39945	0
39950	0
39955	1
39960	1
39965	0
39970	0
39975	0
39980	0
39985	0
39990	0
39995	0
40000	0
40005	0
40010	0
40015	0
40020	0
40025	0
40030	0
40035	0
40040	0
40045	0
40050	1
40055	1
40060	0
40065	0
40070	0
40075	0
40080	0
40085	0
40090	0
40095	0
40100	0
40105	0
40110	0
40115	0
40120	0
40125	0
40130	0
40135	1
40140	1
40145	2
40150	2
40155	1
40160	1
40165	1
40170	0
40175	0
40180	0
40185	0
40190	0
40195	0
40200	0
40205	0
40210	0
40215	0
40220	0
40225	0
40230	0
40235	0
40240	0
40245	0
40250	0
40255	0
40260	0
40265	0
40270	0
40275	0
40280	0
40285	0
40290	0
40295	0
40300	0
40305	0
40310	0
40315	0
40320	0
40325	0
40330	0
40335	0
40340	0
40345	0
40350	0
40355	0
40360	0
40365	0
40370	0
40375	0
40380	0
40385	0
40390	0
40395	0
40400	0
40405	0
40410	0
40415	0
40420	0
40425	0
40430	0
40435	0
40440	0
40445	0
40450	0
40455	0
40460	0
40465	0
40470	0
40475	0
40480	0
40485	0
40490	0
40495	0
40500	0
40505	0
40510	0
40515	0
40520	0
40525	0
40530	0
40535	0
40540	0
40545	0
40550	0
40555	0
40560	0
40565	0
40570	0
40575	0
40580	0
40585	0
40590	0
40595	0
40600	0
40605	0
40610	0
40615	0
40620	0
40625	0
40630	0
40635	0
40640	0
40645	0
40650	0
40655	0
40660	0
40665	0
40670	0
40675	0
40680	0
40685	0
40690	0
40695	0
40700	0
40705	0
40710	0
40715	0
40720	0
40725	0
40730	0
40735	0
40740	0
40745	0
40750	0
40755	0
40760	0
40765	0
40770	0
40775	0
40780	0
40785	0
40790	0
40795	0
40800	0
40805	0
40810	0
40815	0
40820	0
40825	0
40830	0
40835	0
40840	0
40845	0
40850	1
40855	1
40860	1
40865	1
40870	1
40875	0
40880	0
40885	0
40890	0
40895	0
40900	0
40905	0
40910	0
40915	0
40920	0
40925	0
40930	0
40935	0
40940	0
40945	0
40950	0
40955	0
40960	0
40965	0
40970	0
40975	0
40980	0
40985	0
40990	0
40995	0
41000	0
41005	0
41010	0
41015	0
41020	0
41025	0
41030	0
41035	0
41040	0
41045	0
41050	0
41055	0
41060	0
41065	0
41070	0
41075	0
41080	0
41085	0
41090	0
41095	0
41100	0
41105	0
41110	0
41115	0
41120	0
41125	0
41130	0
41135	0
41140	0
41145	0
41150	0
41155	0
41160	0
41165	0
41170	1
41175	1
41180	1
41185	1
41190	1
41195	1
41200	1
41205	0
41210	0
41215	0
41220	0
41225	0
41230	0
41235	0
41240	0
41245	0
41250	0
41255	0
41260	0
41265	0
41270	0
41275	0
41280	0
41285	0
41290	0
41295	0
41300	0
41305	0
41310	0
41315	0
41320	0
41325	0
41330	0
41335	0
41340	0
41345	0
41350	0
41355	0
41360	0
41365	0
41370	0
41375	0
41380	0
41385	0
41390	0
41395	0
41400	0
41405	0
41410	0
41415	0
41420	0
41425	0
41430	0
41435	0
41440	0
41445	0
41450	0
41455	0
41460	0
41465	0
41470	0
41475	0
41480	0
41485	0
41490	0
41495	0
41500	0
41505	0
41510	0
41515	0
41520	0
41525	0
41530	0
41535	0
41540	0
41545	0
41550	0
41555	0
41560	0
41565	0
41570	0
41575	0
41580	0
41585	0
41590	0
41595	0
41600	0
41605	0
41610	0
41615	0
41620	0
41625	0
41630	0
41635	0
41640	0
41645	0
41650	0
41655	0
41660	0
41665	1
41670	0
41675	0
41680	0
41685	0
41690	0
41695	0
41700	0
41705	0
41710	0
41715	0
41720	0
41725	0
41730	1
41735	1
41740	1
41745	1
41750	1
41755	1
41760	1
41765	1
41770	1
41775	1
41780	1
41785	1
41790	1
41795	1
41800	1
41805	1
41810	1
41815	1
41820	1
41825	1
41830	1
41835	2
41840	1
41845	1
41850	1
41855	1
41860	1
41865	1
41870	1
41875	1
41880	1
41885	1
41890	1
41895	1
41900	1
41905	1
41910	1
41915	1
41920	1
41925	1
41930	1
41935	1
41940	1
41945	1
41950	1
41955	1
41960	1
41965	1
41970	1
41975	1
41980	1
41985	1
41990	1
41995	1
42000	1
42005	1
42010	1
42015	1
42020	1
42025	1
42030	1
42035	1
42040	1
42045	1
42050	1
42055	1
42060	1
42065	1
42070	1
42075	1
42080	1
42085	2
42090	2
42095	1
42100	1
42105	1
42110	1
42115	1
42120	1
42125	1
42130	1
42135	1
42140	1
42145	1
42150	1
42155	1
42160	1
42165	1
42170	1
42175	1
42180	1
42185	1
42190	1
42195	1
42200	1
42205	1
42210	1
42215	1
42220	1
42225	1
42230	1
42235	1
42240	1
42245	1
42250	1
42255	1
42260	1
42265	1
42270	1
42275	1
42280	1
42285	1
42290	1
42295	1
42300	1
42305	1
42310	1
42315	1
42320	1
42325	1
42330	1
42335	1
42340	1
42345	1
42350	1
42355	1
42360	1
42365	1
42370	1
42375	1
42380	1
42385	1
42390	1
42395	1
42400	1
42405	1
42410	1
42415	1
42420	1
42425	1
42430	1
42435	1
42440	1
42445	1
42450	1
42455	1
42460	1
42465	1
42470	1
42475	1
42480	1
42485	1
42490	1
42495	1
42500	1
42505	1
42510	1
42515	1
42520	1
42525	1
42530	1
42535	1
42540	1
42545	1
42550	1
42555	1
42560	1
42565	1
42570	1
42575	1
42580	1
42585	1
42590	1
42595	1
42600	1
42605	1
42610	1
42615	1
42620	1
42625	1
42630	1
42635	1
42640	1
42645	1
42650	1
42655	1
42660	1
42665	1
42670	1
42675	1
42680	1
42685	1
42690	1
42695	1
42700	1
42705	1
42710	1
42715	1
42720	1
42725	0
42730	0
42735	0
42740	0
42745	0
42750	0
42755	0
42760	0
42765	0
42770	0
42775	0
42780	0
42785	0
42790	0
42795	0
42800	0
42805	0
42810	0
42815	0
42820	0
42825	0
42830	0
42835	0
42840	0
42845	0
42850	0
42855	1
42860	1
42865	2
42870	3
42875	2
42880	2
42885	1
42890	1
42895	1
42900	1
42905	1
42910	1
42915	1
42920	0
42925	0
42930	0
42935	0
42940	0
42945	0
42950	0
42955	0
42960	0
42965	0
42970	0
42975	0
42980	0
42985	0
42990	0
42995	0
43000	0
43005	0
43010	0
43015	0
43020	0
43025	0
43030	0
43035	0
43040	0
43045	0
43050	0
43055	0
43060	0
43065	0
43070	0
43075	0
43080	0
43085	0
43090	0
43095	0
43100	0
43105	0
43110	0
43115	0
43120	0
43125	0
43130	0
43135	0
43140	0
43145	0
43150	0
43155	0
43160	0
43165	0
43170	0
43175	0
43180	0
43185	0
43190	0
43195	0
43200	0
43205	0
43210	0
43215	0
43220	0
43225	0
43230	0
43235	0
43240	0
43245	0
43250	0
43255	0
43260	0
43265	0
43270	0
43275	0
43280	0
43285	0
43290	0
43295	0
43300	0
43305	0
43310	0
43315	0
43320	0
43325	0
43330	0
43335	0
43340	0
43345	0
43350	0
43355	0
43360	0
43365	0
43370	0
43375	0
43380	0
43385	0
43390	0
43395	0
43400	0
43405	0
43410	0
43415	0
43420	0
43425	0
43430	0
43435	0
43440	0
43445	0
43450	0
43455	0
43460	1
43465	1
43470	1
43475	1
43480	1
43485	1
43490	1
43495	1
43500	1
43505	1
43510	1
43515	1
43520	1
43525	1
43530	1
43535	1
43540	1
43545	1
43550	1
43555	1
43560	1
43565	1
43570	1
43575	1
43580	1
43585	1
43590	1
43595	1
43600	1
43605	1
43610	2
43615	2
43620	2
43625	2
43630	2
43635	2
43640	2
43645	2
43650	2
43655	3
43660	3
43665	3
43670	3
43675	3
43680	3
43685	3
43690	3
43695	3
43700	3
43705	3
43710	3
43715	3
43720	3
43725	3
43730	3
43735	3
43740	3
43745	3
43750	3
43755	3
43760	3
43765	3
43770	3
43775	3
43780	3
43785	3
43790	3
43795	3
43800	3
43805	3
43810	3
43815	3
43820	3
43825	3
43830	3
43835	3
43840	3
43845	3
43850	3
43855	3
43860	3
43865	3
43870	3
43875	3
43880	3
43885	3
43890	3
43895	3
43900	3
43905	3
43910	3
43915	3
43920	3
43925	3
43930	3
43935	3
43940	3
43945	3
43950	3
43955	3
43960	3
43965	3
43970	3
43975	3
43980	3
43985	3
43990	3
43995	3
44000	3
44005	3
44010	3
44015	3
44020	3
44025	3
44030	3
44035	3
44040	3
44045	3
44050	3
44055	3
44060	3
44065	3
44070	3
44075	3
44080	3
44085	3
44090	3
44095	3
44100	3
44105	3
44110	3
44115	3
44120	3
44125	3
44130	3
44135	3
44140	3
44145	3
44150	3
44155	3
44160	3
44165	3
44170	3
44175	3
44180	4
44185	4
44190	3
44195	3
44200	3
44205	3
44210	3
44215	3
44220	3
44225	2
44230	2
44235	2
44240	2
44245	2
44250	2
44255	2
44260	1
44265	1
44270	1
44275	1
44280	1
44285	1
44290	1
44295	1
44300	1
44305	1
44310	0
44315	0
44320	0
44325	0
44330	1
44335	0
44340	0
44345	0
44350	0
44355	0
44360	0
44365	0
44370	0
44375	0
44380	0
44385	0
44390	0
44395	0
44400	0
44405	0
44410	0
44415	0
44420	0
44425	0
44430	0
44435	0
44440	0
44445	0
44450	0
44455	0
44460	0
44465	0
44470	0
44475	0
44480	0
44485	0
44490	0
44495	0
44500	0
44505	0
44510	0
44515	0
44520	0
44525	0
44530	0
44535	0
44540	0
44545	0
44550	0
44555	0
44560	0
44565	1
44570	1
44575	1
44580	1
44585	1
44590	1
44595	0
44600	0
44605	0
44610	0
44615	0
44620	0
44625	0
44630	0
44635	0
44640	0
44645	0
44650	0
44655	0
44660	1
44665	1
44670	1
44675	0
44680	0
44685	0
44690	0
44695	0
44700	0
44705	0
44710	0
44715	0
44720	0
44725	0
44730	0
44735	0
44740	0
44745	0
44750	0
44755	0
44760	0
44765	0
44770	0
44775	0
44780	0
44785	0
44790	0
44795	0
44800	0
44805	0
44810	0
44815	0
44820	0
44825	0
44830	0
44835	0
44840	0
44845	0
44850	0
44855	0
44860	0
44865	0
44870	0
44875	0
44880	0
44885	0
44890	0
44895	0
44900	0
44905	0
44910	0
44915	0
44920	0
44925	0
44930	0
44935	0
44940	0
44945	0
44950	0
44955	0
44960	0
44965	0
44970	0
44975	0
44980	0
44985	0
44990	0
44995	0
45000	0
45005	0
45010	0
45015	0
45020	0
45025	0
45030	0
45035	0
45040	0
45045	0
45050	0
45055	0
45060	0
45065	0
45070	0
45075	0
45080	0
45085	0
45090	0
45095	0
45100	0
45105	0
45110	0
45115	0
45120	0
45125	0
45130	0
45135	0
45140	0
45145	0
45150	0
45155	0
45160	0
45165	0
45170	0
45175	0
45180	0
45185	0
45190	0
45195	0
45200	0
45205	0
45210	0
45215	0
45220	0
45225	0
45230	0
45235	0
45240	0
45245	0
45250	0
45255	0
45260	0
45265	0
45270	0
45275	0
45280	0
45285	0
45290	0
45295	0
45300	0
45305	0
45310	0
45315	0
45320	0
45325	0
45330	0
45335	0
45340	0
45345	0
45350	0
45355	0
45360	0
45365	0
45370	0
45375	0
45380	0
45385	0
45390	0
45395	0
45400	0
45405	0
45410	0
45415	0
45420	0
45425	0
45430	0
45435	0
45440	0
45445	0
45450	0
45455	0
45460	0
45465	0
45470	0
45475	0
45480	0
45485	0
45490	0
45495	0
45500	0
45505	0
45510	0
45515	1
45520	1
45525	2
45530	1
45535	1
45540	1
45545	0
45550	0
45555	0
45560	0
45565	0
45570	0
45575	0
45580	0
45585	0
45590	0
45595	0
45600	0
45605	0
45610	0
45615	0
45620	0
45625	0
45630	0
45635	0
45640	0
45645	0
45650	0
45655	0
45660	0
45665	0
45670	0
45675	0
45680	0
45685	0
45690	0
45695	0
45700	0
45705	0
45710	0
45715	0
45720	0
45725	0
45730	0
45735	0
45740	0
45745	0
45750	1
45755	1
45760	0
45765	0
45770	0
45775	0
45780	0
45785	0
45790	0
45795	0
45800	0
45805	0
45810	0
45815	0
45820	0
45825	0
45830	0
45835	0
45840	0
45845	0
45850	0
45855	0
45860	0
45865	0
45870	0
45875	0
45880	0
45885	0
45890	0
45895	0
45900	0
45905	0
45910	0
45915	0
45920	0
45925	0
45930	0
45935	0
45940	0
45945	0
45950	0
45955	0
45960	0
45965	0
45970	0
45975	0
45980	0
45985	0
45990	0
45995	0
46000	0
46005	0
46010	0
46015	0
46020	0
46025	0
46030	0
46035	0
46040	0
46045	0
46050	0
46055	0
46060	0
46065	1
46070	1
46075	1
46080	1
46085	1
46090	1
46095	1
46100	0
46105	0
46110	0
46115	0
46120	0
46125	0
46130	0
46135	0
46140	0
46145	0
46150	0
46155	0
46160	0
46165	0
46170	0
46175	0
46180	0
46185	0
46190	0
46195	0
46200	0
46205	0
46210	0
46215	0
46220	0
46225	0
46230	0
46235	0
46240	0
46245	0
46250	0
46255	0
46260	0
46265	0
46270	0
46275	0
46280	0
46285	0
46290	0
46295	0
46300	0
46305	0
46310	0
46315	0
46320	0
46325	0
46330	0
46335	0
46340	0
46345	0
46350	0
46355	0
46360	0
46365	0
46370	0
46375	0
46380	0
46385	0
46390	0
46395	0
46400	0
46405	0
46410	0
46415	0
46420	0
46425	0
46430	0
46435	0
46440	0
46445	0
46450	0
46455	0
46460	0
46465	0
46470	0
46475	0
46480	0
46485	0
46490	0
46495	0
46500	0
46505	0
46510	1
46515	1
46520	1
46525	1
46530	1
46535	1
46540	1
46545	1
46550	1
46555	1
46560	1
46565	1
46570	0
46575	0
46580	0
46585	0
46590	0
46595	0
46600	0
46605	0
46610	0
46615	0
46620	0
46625	0
46630	0
46635	0
46640	0
46645	0
46650	0
46655	0
46660	0
46665	0
46670	0
46675	0
46680	0
46685	0
46690	0
46695	0
46700	0
46705	0
46710	0
46715	0
46720	0
46725	0
46730	0
46735	0
46740	0
46745	0
46750	0
46755	0
46760	0
46765	0
46770	0
46775	0
46780	0
46785	0
46790	0
46795	0
46800	0
46805	0
46810	0
46815	0
46820	0
46825	0
46830	0
46835	0
46840	0
46845	0
46850	1
46855	1
46860	1
46865	1
46870	1
46875	1
46880	1
46885	1
46890	1
46895	1
46900	1
46905	1
46910	1
46915	1
46920	1
46925	1
46930	1
46935	1
46940	1
46945	1
46950	1
46955	1
46960	1
46965	1
46970	1
46975	1
46980	1
46985	1
46990	1
46995	1
47000	2
47005	2
47010	2
47015	2
47020	2
47025	2
47030	2
47035	2
47040	2
47045	2
47050	2
47055	2
47060	1
47065	1
47070	1
47075	1
47080	1
47085	1
47090	1
47095	1
47100	1
47105	1
47110	1
47115	1
47120	1
47125	1
47130	1
47135	1
47140	1
47145	1
47150	1
47155	1
47160	1
47165	1
47170	1
47175	1
47180	1
47185	1
47190	1
47195	1
47200	1
47205	1
47210	1
47215	1
47220	1
47225	2
47230	2
47235	2
47240	2
47245	2
47250	2
47255	2
47260	2
47265	2
47270	2
47275	2
47280	2
47285	2
47290	2
47295	1
47300	1
47305	1
47310	1
47315	1
47320	1
47325	1
47330	1
47335	1
47340	0
47345	0
47350	0
47355	0
47360	0
47365	0
47370	0
47375	0
47380	0
47385	0
47390	0
47395	0
47400	0
47405	0
47410	0
47415	0
47420	0
47425	0
47430	0
47435	0
47440	0
47445	0
47450	0
47455	0
47460	0
47465	0
47470	0
47475	0
47480	0
47485	0
47490	0
47495	1
47500	1
47505	1
47510	1
47515	0
47520	0
47525	0
47530	0
47535	0
47540	0
47545	0
47550	0
47555	0
47560	0
47565	0
47570	0
47575	0
47580	0
47585	0
47590	0
47595	0
47600	0
47605	1
47610	1
47615	1
47620	0
47625	0
47630	0
47635	0
47640	0
47645	0
47650	0
47655	0
47660	0
47665	0
47670	0
47675	0
47680	0
47685	0
47690	0
47695	0
47700	0
47705	0
47710	0
47715	0
47720	0
47725	0
47730	0
47735	0
47740	0
47745	0
47750	0
47755	0
47760	0
47765	0
47770	0
47775	0
47780	0
47785	0
47790	0
47795	0
47800	0
47805	0
47810	0
47815	0
47820	0
47825	0
47830	0
47835	0
47840	0
47845	0
47850	0
47855	0
47860	0
47865	0
47870	0
47875	0
47880	0
47885	0
47890	0
47895	0
47900	0
47905	0
47910	0
47915	0
47920	0
47925	0
47930	0
47935	0
47940	0
47945	0
47950	0
47955	0
47960	0
47965	0
47970	0
47975	0
47980	0
47985	0
47990	0
47995	0
48000	0
48005	0
48010	0
48015	0
48020	0
48025	0
48030	0
48035	0
48040	0
48045	0
48050	0
